mass_A
t	x	y	v	θ_{r}
0.0	0.19954243439408925	0.480831185651737		1.1774306143061664
0.010000000000000044	0.1995521791079543	0.48081985780357067	2.6473320812302886E-4	1.1774049846632852
0.02000000000000002	0.19954101209932362	0.48082608559818896	9.481186178998516E-4	1.1774293826555509
0.03	0.19953524862174477	0.480828397721729	5.443956805188513E-4	1.1774413105926573
0.04000000000000004	0.19953032461044884	0.48082816507993675	5.402776315550993E-4	1.1774498755583054
0.05000000000000009	0.19952446323993334	0.4808277377923047	1.8390826491576157E-4	1.1774599603834843
0.06	0.1995292206596735	0.4808246564915244	0.004939082002529877	1.177449250999976
0.07000000000000005	0.1996231863590503	0.48082433806247643	0.023962812999034366	1.1772823109814285
0.08000000000000008	0.1999991856005383	0.48073074420751105	0.05213240185628624	1.1765464422465937
0.09	0.2006252955064941	0.48053642803150937	0.08632601665689414	1.1752929890881652
0.10000000000000005	0.20156333419742645	0.4799997779787484	0.06955171235221261	1.1732331048476796
0.11000000000000008	0.20181336137282757	0.47981291177481333	0.06332196058052036	1.1726512407366032
0.12	0.20273160301193505	0.4795108850929839	0.13134329165347622	1.1708004800416059
0.13000000000000003	0.20428805382734438	0.4789318207690111	0.1553956285223264	1.1676141035538852
0.13999999999999993	0.2056141668880309	0.4783490133075591	0.1711950580456714	1.1648322024491409
0.15000000000000013	0.20744997829785483	0.4776183015257219	0.18933671009740866	1.1610390947947904
0.16000000000000003	0.20910161121530202	0.4768735174653457	0.09125297424106284	1.157559910538558
0.16999999999999996	0.20916394493342316	0.4769912764103601	0.12876327169809132	1.1575410989788808
0.18	0.21150836691137453	0.475957264730135	0.2576792235704389	1.152621465848974
0.19000000000000003	0.21384276954535508	0.47483071325351267	0.2758689080537115	1.1476465498086084
0.2000000000000001	0.21649977242011909	0.47360623669551416	0.2898013908459283	1.142028666125272
0.21	0.2191016230921975	0.47239383044398797	0.31529972312555277	1.136516420380123
0.22000000000000003	0.2222458894738517	0.4710086022012052	0.17961438807452074	1.1299204090057202
0.2300000000000001	0.22242511303364731	0.47103039875503716	0.1647688969583703	1.1296271032190055
0.24	0.22529065876575383	0.4697480881310574	0.3656767604764488	1.1236024073085211
0.25000000000000006	0.22907343389534707	0.4679828379302284	0.4045465674808333	1.115591126612995
0.26000000000000006	0.2325176685949727	0.4661103004747222	0.4379132436050657	1.1080716401429753
0.27	0.2367639303559137	0.4637919588148284	0.4828043644498197	1.0987872345659189
0.2800000000000001	0.24110813446283363	0.4617007746605518	0.24210347803115825	1.08953325912429
0.2899999999999999	0.24106006649092993	0.4615583850105137	0.26472110337913934	1.089488505306186
0.3000000000000001	0.24570945305247405	0.459081848875743	0.5336106369957527	1.0793718589628676
0.31000000000000005	0.25048675821629296	0.4565550253511469	0.5453315062164019	1.0689938054780097
0.31999999999999995	0.25529683898804345	0.4538821746944749	0.5826383975591045	1.0584267569330321
0.33	0.2606606672611077	0.4508736016147994	0.6061745857823044	1.0466177513798414
0.3400000000000001	0.26577397193367747	0.4477822782511859	0.2908905095766796	1.035144861096655
0.35000000000000003	0.2656158345457076	0.44782512123822776	0.32792499500245753	1.0354480371203119
0.36	0.27131840481840863	0.4442789676846422	0.6854840175856002	1.022550830954787
0.37000000000000005	0.27723855592075597	0.4405541045841337	0.7119530217330748	1.0091143336671091
0.38000000000000006	0.28340916565582797	0.4367580405852568	0.754094647038677	0.995199819367549
0.39	0.29000501607623563	0.4325240989941293	0.7715741090743987	0.980148385901701
0.4000000000000001	0.2962399145870799	0.4281846792735681	0.3719442414488931	0.9655605857765908
0.41000000000000003	0.29609748933346236	0.42825575304882746	0.4184467559036641	0.9658632146749851
0.42	0.3029494062503191	0.42318250008530994	0.8833362538816625	0.9494895891646031
0.43000000000000005	0.31043555099051023	0.4179342627064704	0.9106155975532203	0.9319284471090945
0.43999999999999995	0.31757209489448934	0.4123259221982161	0.9354842413475466	0.9144940889640145
0.4500000000000001	0.32518195304816466	0.4064192319779901	0.9728116127335369	0.8959855226973192
0.4600000000000001	0.3327861421962517	0.40019836109767193	0.48459673071755033	0.8771096677244029
0.4699999999999999	0.33265956352870385	0.40025328208602823	0.5387547772991128	0.8773641427476684
0.48	0.3409787424957744	0.3931995051656424	1.1065314507174842	0.8564067553725082
0.49	0.34928237763627434	0.38564346375327907	1.1503760134271253	0.8348337099724593
0.5000000000000001	0.35802139871116734	0.37774331358972923	1.204799059021264	0.8121963955719398
0.51	0.366876584407808	0.36917955786409445	1.2415997080669756	0.7885269545441596
0.5199999999999999	0.3755251415257652	0.3601294860241715	0.6204011424701762	0.7644733871739342
0.5300000000000001	0.37537168891878314	0.36013565216031074	0.6788148471117134	0.7646861226742463
0.54	0.3847144081675613	0.35013582717219466	1.4046912558836036	0.7383775707669193
0.55	0.3943448965956311	0.33941656916434937	1.49016008058592	0.7106789650425117
0.5600000000000002	0.40422809877120125	0.327609249417592	1.555569689504359	0.6810843541924074
0.57	0.4140217692810655	0.31531803176302414	1.611256808282261	0.6508824179714682
0.58	0.4239617839900045	0.30213296498324926	0.8312335600520402	0.6191602206056805
0.5899999999999999	0.4239158671554082	0.30195814704063073	0.8621050913529436	0.6189378848130207
0.6000000000000001	0.43355708575979457	0.28780745419440357	1.763662161866602	0.5860349910161474
0.61	0.4436868154636129	0.27274665458518943	1.8531836561060449	0.5511784969200331
0.6199999999999999	0.4532863924247199	0.25643118411931776	1.9272783201713037	0.514828815809038
0.63	0.46296788323160065	0.23936999934403036	2.0095291590926077	0.4771815268194585
0.64	0.4727253227022714	0.22125433141527545	1.0287779520020717	0.4377542537048513
0.6499999999999999	0.4726881004568071	0.22123519835518496	1.079803477415564	0.437751283453913
0.6600000000000001	0.48243870001513867	0.20196597946096428	2.1919151543915905	0.39646755516000654
0.67	0.4919807670464209	0.18187036844976523		0.35408933579477203
