mass_A
t	x	y	v	θ_{r}
0.010000000000000047	0.3632238390251352	0.37902309142264423		0.8066806588609515
0.020000000000000025	0.3632223866155623	0.37901537768699767	0.001826451014090679	0.8066724896835384
0.030000000000000002	0.3632373720176677	0.3789891616800006	0.0019148765075096517	0.8066173259848941
0.04000000000000005	0.3632277817730928	0.37897746208215183	0.0015126607812539947	0.8066150937361621
0.0500000000000001	0.36323396987394607	0.37895910036809055	0.007184778365064868	0.8065823791044883
0.060000000000000005	0.36333997051268596	0.37888767286915537	0.02273615945112918	0.8063424505405634
0.07000000000000006	0.3635656584091047	0.37864804427302223	0.06869178306289865	0.8057161800365997
0.0800000000000001	0.36431611022837784	0.3779209383246225	0.12183630348030337	0.8037256031606024
0.09000000000000001	0.36531355289635636	0.3769502519418659	0.16504665777828842	0.8010741882311412
0.10000000000000006	0.3665578228663299	0.37549794758044724	0.10039645277764353	0.7974453605998022
0.11000000000000011	0.36665897195874164	0.37545973973503777	0.11481590125255417	0.7972565832246482
0.12000000000000001	0.36801011769527403	0.37371920752018084	0.26319698105914413	0.7930950103362487
0.13000000000000006	0.37036732247211135	0.3717238065443278	0.32918282975237806	0.7872260825146227
0.13999999999999996	0.37274391721680344	0.3691436555041417	0.36882973558690224	0.7805453614590969
0.15000000000000016	0.37541774195676636	0.3663472451366751	0.4336018441836067	0.7731705105512449
0.16000000000000006	0.3789085790385174	0.36304437945401297	0.23921225472269125	0.7640197424505857
0.16999999999999998	0.37893769087341767	0.36310703515150905	0.26019177862130977	0.7640675695106055
0.18000000000000002	0.3824834239520478	0.3592627940048854	0.5640964881723881	0.7541030273516436
0.19000000000000009	0.386766433139079	0.3549834439674811	0.6328310476284931	0.7425756968492813
0.20000000000000012	0.3911203821506346	0.35001114512412396	0.6782832596959931	0.7299867382863316
0.21000000000000002	0.3957552479325781	0.3448233021987016	0.7390737178790306	0.7167330982814524
0.22000000000000008	0.40098485254651095	0.33900277521788036	0.38937647212947696	0.7018322646994564
0.23000000000000012	0.4009282881412537	0.3390021966491839	0.44573476734614687	0.7019009780066402
0.24000000000000002	0.4068342282788071	0.33227547288552794	0.8775303301760786	0.684861824082126
0.2500000000000001	0.41203641274341307	0.32541421078024524	0.9503778395459812	0.6684722536863025
0.2600000000000001	0.4185977725188108	0.317345427940066	1.0529267866706502	0.6486747804885454
0.2700000000000001	0.4250596641687159	0.30886559000542607	1.077472687206829	0.6283826868059438
0.28000000000000014	0.4312956640849399	0.29993443984502927	0.539862936994181	0.6076499105967358
0.29	0.4312970440295505	0.3000521974255141	0.6007288970296091	0.6078324183977238
0.30000000000000016	0.4381808428448579	0.2900884052861554	1.251534924240552	0.5847850036283656
0.3100000000000001	0.44533359871978107	0.27932755028579914	1.340449498579848	0.5602028463625468
0.32	0.45290042961677646	0.2676818056208528	1.427606991178319	0.5338044554091349
0.33000000000000007	0.4601249007330319	0.2549053867195366	1.4977345770635184	0.5059027072380318
0.34000000000000014	0.46745135535240045	0.24149871746133617	0.7550541215082889	0.47686178430775783
0.35000000000000014	0.4674368747083335	0.24169260021754635	0.8070433821935575	0.47720175243853785
0.36000000000000004	0.47480674069433837	0.22713118758426376	1.6832742520205994	0.44619073911849055
0.3700000000000001	0.4823188404803431	0.21149505101621324	1.7809611123075784	0.4132464160750995
0.38000000000000017	0.4898193438120053	0.19483024733398352	1.8976487573829326	0.378573332577017
0.39000000000000007	0.4974570021809239	0.17669182727349275	1.986128399665832	0.3412910577784732
0.40000000000000013	0.50481951063669	0.15804876553654512	0.9997377123427236	0.3034129508120708
0.4100000000000002	0.504904100701532	0.15813567139420392	1.0622895305841755	0.30352193527291255
0.42000000000000004	0.5125505197891176	0.1382594978340611		0.26347697891301425
