mass_A
t	x	y	v	θ_{r}
0.0	0.01993730295955265	0.5222166142666854		1.532636635660871
0.01	0.019938330008784755	0.5222307600726785	9.120270532168277E-4	1.5326357045041652
0.02	0.019940075191606343	0.5222346429124405	1.0352088677802206E-4	1.532632651059277
0.03	0.01993844940529499	0.522232827044878	1.4431663461535822E-4	1.5326356271012693
0.04	0.019937783120646646	0.5222328886812339	1.975186624534452E-4	1.5326369055820013
0.049999999999999996	0.01993602211466916	0.5222297103625032	2.3077605049865596E-4	1.5326400407503205
0.06	0.01994136607056307	0.5222314519690006	4.1921185407420096E-4	1.5326299498441005
0.07	0.019942771620864108	0.5222372196121982	2.986552796436575E-4	1.53262768346517
0.08	0.0199404312290985	0.5222392342445819	2.7063618999225635E-4	1.5326323054951194
0.09	0.019941533243317155	0.5222369747077925	8.157489047330609E-4	1.532630033424815
0.09999999999999999	0.01994301927120601	0.5222356177431929	7.584365428694649E-4	1.5326270929816541
0.10999999999999999	0.019939536722243356	0.5222356099596244	7.61415725016343E-4	1.5326337512442223
0.12	0.01993621643644672	0.5222331985776814	8.302953630347382E-4	1.5326399238086708
0.13	0.019935592577071115	0.5222314658595967	3.617484846393447E-4	1.5326409901967657
0.14	0.019937669649582657	0.5222293720072956	3.076967151485833E-4	1.5326368658330016
0.15	0.0199376372407557	0.5222284142213565	7.10205303468172E-5	1.532636857883477
0.16	0.01993776599579855	0.5222283202381085	4.702847267111707E-5	1.5326366048322508
0.16999999999999998	0.019938354909104228	0.5222287405599275	5.409977123850213E-4	1.5326355094648356
0.18	0.0199385702067566	0.522228465699376	3.340929135808929E-4	1.5326350777323428
0.18999999999999997	0.019941075944798548	0.5222288665171109	2.3632960527586648E-4	1.532630315817401
0.19999999999999998	0.019944947395015622	0.5222312900733573	1.0013564631922857E-4	1.532623090273887
0.21	0.019941932309147647	0.5222294390113709	4.6001866496592436E-4	1.532628720179903
0.21999999999999997	0.01993968480867403	0.5222287038549573	2.6607918931111974E-4	1.5326329639076126
0.22999999999999998	0.019935481358404283	0.5222305766747635	0.0013437726607647776	1.5326411379525766
0.24	0.019938286517494075	0.5222339592708787	0.0010631865094224398	1.5326360212068508
0.25	0.01995673868669523	0.5222310984174797	0.0011414147213700205	1.5326005304977577
0.26	0.019942797015964908	0.522243105891973	0.0012418007212338994	1.5326280646957653
0.27	0.0199787227246091	0.5222426539222071	0.0011105406885860336	1.532559340824717
0.28	0.019966854911675602	0.522238609016052	3.6114997338199974E-4	1.5325817366517507
0.29	0.019990314541667775	0.5222465527067602	0.002376341655074543	1.5325374623935941
0.3	0.02001391242064865	0.5222452716517096	0.0036341786669702673	1.5324922493893711
0.30999999999999994	0.020056422068418067	0.5222163418355321	0.0064801566574473266	1.5324088467618626
0.32	0.020131370685310124	0.5221904945745265	0.005096552759202823	1.5322636333942243
0.33	0.020158336982891267	0.5222145279394931	0.0039799935001375185	1.5322138433683359
0.33999999999999997	0.020205032240525056	0.5222206626799984	0.01285288112474098	1.5321250127903654
0.35	0.020414959081217487	0.522229485209745	0.022195591818532416	1.5317242905617041
0.36	0.020648022815279665	0.5222492471014302	0.03422068029969518	1.53128018705737
0.37000000000000005	0.021099304909703798	0.5222391169854322	0.0294282691116643	1.5304166704501123
0.37999999999999995	0.02123626657686095	0.5222297923815886	0.010406055902541494	1.5301541172029218
0.39	0.02130714997355443	0.5222284011461422	0.008478535037208659	1.5300185013187726
0.39999999999999997	0.02140582634209154	0.5222278666178954	0.022600651469550377	1.5298298223977993
0.41	0.021759014908635077	0.5222168313931732	0.039363436339046834	1.529153785417322
0.42	0.022193073881926817	0.5222336423594616	0.03368685597637867	1.5283254350422384
0.42999999999999994	0.022432700773366232	0.5222251417415855	0.032145373735336075	1.5278667232588496
0.43999999999999995	0.022835841760810216	0.5222202455348536	0.04585442700773264	1.5270957937522593
0.45	0.023349721785762112	0.5222362706816748	0.03693978652160195	1.5261150542745718
0.45999999999999996	0.023574613519082854	0.5222261970458602	0.01642239757156535	1.5256844205456266
0.47	0.023677948675157823	0.5222242222013951	0.0369877157988753	1.5254867792939764
0.48	0.024314208814502636	0.5222415348097238	0.057264315961835434	1.5242725207607088
0.48999999999999994	0.02482323499439132	0.5222242195014882	0.05423684741546507	1.5232984058774104
0.5	0.0253982369721657	0.522202327662149	0.057303549462590996	1.5221978484064174
0.51	0.025969303679489797	0.5222219213628606	0.029591332833979318	1.5211087751295176
0.52	0.025989659018291977	0.5222242081308913	0.022181842423627807	1.5210701104148614
0.5299999999999999	0.02641280146489311	0.522210814263107	0.060225863257258844	1.5202605813919563
0.54	0.02719416735932778	0.5222195714933155	0.06481673965747259	1.5187691188013817
0.55	0.02770890835083628	0.5221865071419238	0.06551055554248733	1.5177828055850573
0.56	0.028504218486331112	0.5221990971280892	0.08933179580251953	1.5162654792077355
0.57	0.029495424732100983	0.5222071739267273	0.053170500454085404	1.5143740479427517
0.58	0.02956751665886448	0.5222145193102417	0.029830084949665072	1.5142372295511393
0.5899999999999999	0.03009111054921787	0.5221741285862456	0.06660956984057442	1.5132334066297328
0.6	0.030898807545782447	0.5221655449072562	0.09180732557125736	1.5116908988304014
0.61	0.031927154154331894	0.5221935680188075	0.09192872392828975	1.5097318820989276
0.6199999999999999	0.032737355605917284	0.5221556887514245	0.07174200278900766	1.5081817428377764
0.63	0.033361908243923266	0.5221778617120457	0.0337607093463532	1.5069931134563843
0.64	0.03341156778847609	0.5221924600869565	0.05847389290202357	1.5069001812903755
0.6499999999999999	0.03451447370832006	0.5221746722510874	0.11161661361030799	1.5047947690834154
0.66	0.035647878419324486	0.5221780815567183	0.11160500292040453	1.5026344193041075
0.67	0.036746558133823326	0.5221830261825648	0.10418343077593234	1.5005411125049741
0.6799999999999999	0.03772476468652364	0.5221598408264786	0.10271508477087973	1.4986740969056018
0.69	0.038803489249980894	0.5221123212808756	0.05664250158325642	1.4966125162747632
0.7	0.03885749100512781	0.5221765824328825	0.07374438730692938	1.4965187642582318
0.7099999999999999	0.04027835050932427	0.5221211603644258	0.13942047619137926	1.4938051284988352
0.72	0.0416450196604371	0.5221052372694645	0.1327361987954039	1.4912011919909498
0.7299999999999999	0.04293187003217891	0.5220412008115881	0.12914943229671752	1.4887425047972431
0.7400000000000001	0.044221287758458905	0.5220458668667087	0.12944029828867584	1.4862903948803983
0.75	0.04552902005258663	0.5220954598281856	0.06781800431816916	1.4838119777791414
0.7599999999999999	0.045578072518499546	0.5221032503160518	0.06757553230040031	1.4837200273193798
0.7699999999999999	0.046869013689514016	0.5219193971141681	0.13646967406308314	1.4812353102454028
0.78	0.048290587829369014	0.5219169430373973	0.15425975261925987	1.4785335874736205
0.79	0.049962856034167835	0.5219280253562791	0.16422338752443694	1.4753596543861458
0.7999999999999999	0.05157926877482799	0.5217378935511507	0.1598065481537129	1.4722560194242107
0.81	0.053157535718918014	0.5218317193597545	0.07501489913161553	1.4692793060133644
0.82	0.05305827898898485	0.5219897324343881	0.08339551717820556	1.4694980285234749
0.8299999999999998	0.05482396906238307	0.5217615422555393	0.17432532920239735	1.4661057245365687
0.84	0.056513647435950554	0.5215248054978447	0.1702078632244144	1.4628551694991354
0.85	0.058168407068455386	0.5211267028231572	0.1837818254876172	1.4596359874107148
0.8599999999999999	0.06014982142684655	0.5209876440139729	0.2011113103415669	1.4558517907102604
0.87	0.06218390290931952	0.5208941156117195	0.11069562504884382	1.4519794706898477
0.8799999999999999	0.06236283241410334	0.5209244701882033	0.09852467116916672	1.4516476841972825
0.8900000000000001	0.06414853629562844	0.520742260453765	0.1940932913534887	1.4482271023133026
0.9	0.06623981651337663	0.5207298510900789	0.21801451323018978	1.4442701375724512
0.9099999999999999	0.06849729924925452	0.5204254135431483	0.21864365784903828	1.4399306426810903
0.9199999999999999	0.07056289549512085	0.5200718178351107	0.21501322067553774	1.4359406775879036
0.93	0.07274829728194676	0.5197763451706685	0.10364610053489134	1.431738861800393
0.94	0.07261400718724309	0.5197719070335797	0.1123190262436702	1.4319910982480752
0.9499999999999998	0.07498943825134374	0.5196230069242296	0.24036155235909254	1.4274707817378431
0.96	0.07737774215565085	0.5191266942843579	0.24646933526769632	1.4228320075475698
0.97	0.07981341049729496	0.5186090320422857	0.253100239320623	1.4180953762745412
0.9799999999999999	0.0823889911683432	0.5184116587674409	0.2624267908181454	1.4131886199576429
0.99	0.08501781116868157	0.5179298105266412	0.12908733804700614	1.4080979832795613
1.0	0.08486761263861264	0.5176892655609778	0.1285440168036751	1.4083062395458028
1.0099999999999998	0.0875245616231084	0.5173591724087063	0.28109972784625054	1.4032074978432365
1.02	0.09043569386255279	0.5169125453528589	0.2942117243415909	1.3975957135178432
1.0299999999999998	0.09330772275870414	0.5162732337475676	0.3090677028583522	1.3919932724480968
1.04	0.09653273611192881	0.515895090789068	0.3187592215353	1.3858184053759566
1.05	0.09957666780854058	0.5151142236148905	0.15207255388001625	1.3798417741966518
1.0599999999999998	0.09945017466285977	0.5150354530985392	0.16275509125984766	1.3800500360785626
1.07	0.10280691812591736	0.5147127628079771	0.3446710109648292	1.373654159405083
1.08	0.1062410511911247	0.5138508695017978	0.3629331848948728	1.366914438065144
1.09	0.10991782661531757	0.5132556495198108	0.3709114113044218	1.35982506081688
1.1	0.11353916742937975	0.5125213547830929	0.3773513312527533	1.3527865448671228
1.1099999999999999	0.11726881922568544	0.5115466970565731	0.19816605788987587	1.3454464303893985
1.12	0.11735066665122507	0.5114348980275256	0.20141760883762513	1.3452467846643519
1.13	0.12118167484780451	0.5105890007892745	0.3974768270346888	1.3377708040893943
1.14	0.12510554786054806	0.5096864848494942	0.42089195886416336	1.3300990281039466
1.15	0.12939935230287658	0.5087642285681448	0.4304382242788632	1.3217366703292939
1.16	0.13346751283769887	0.507639934657332	0.4421155329212605	1.3136972838390892
1.17	0.1379392883151137	0.506471642542061	0.236976214390284	1.304892273301654
1.1799999999999997	0.13805147746705548	0.5064356262452102	0.2453088838748963	1.3046680258873982
1.19	0.14267546305057577	0.5051913190367118	0.48028308562676797	1.2955461982609084
1.2	0.14732625165841384	0.5039361661765187	0.48126154243752356	1.2863716346205805
1.2099999999999997	0.15196712107279842	0.5026793158341256	0.49258513582261315	1.2772177205469453
1.22	0.15680047897057336	0.5012352287002184	0.5274363342030542	1.2676125499830642
1.23	0.16203141137453436	0.4995193007427998	0.2887972499205014	1.2571301157308794
1.2399999999999998	0.16225441657850814	0.49933362274907844	0.2863944763237628	1.2566169772222529
1.25	0.16747576970175193	0.49773950276764567	0.5649051757197776	1.246222980781134
1.26	0.17300227710192584	0.4958507163203668	0.5798005672000881	1.2351018667752909
1.2699999999999998	0.17842858913464277	0.49393119270139557	0.6004178301155204	1.2241418615061084
1.28	0.18431785924686195	0.49183098635313577	0.6451402539276824	1.212237369858713
1.29	0.19052799037778556	0.4894493550813352	0.336307387746754	1.1995739641935192
1.2999999999999998	0.19058600335292486	0.48939143043312794	0.3345676573012526	1.19943101876561
1.3099999999999998	0.1967258657565073	0.48692734244959557	0.6668146448175852	1.186833691097993
1.32	0.20295282327405106	0.4843995897650254	0.6806175373922574	1.1740373130441912
1.3300000000000003	0.20934323455901416	0.48181871275231924	0.7253147060757372	1.1609189040472718
1.34	0.216316768881743	0.478757114516117	0.7415274690051047	1.146421714686525
1.35	0.222859572001871	0.47571512224783175	0.35244671756909324	1.132687095395805
1.3599999999999999	0.22269968360233727	0.47576614892625957	0.3877639421316949	1.1330039280509339
1.3699999999999997	0.2298101475307761	0.47227508594802514	0.8055228936740113	1.1179242020183833
1.38	0.23711777587248017	0.4685782794099962	0.8170848245744028	1.102331079870806
1.3899999999999997	0.24436974912648124	0.46484570455324953	0.8274979448123058	1.0868001221718124
1.4	0.25178129625798307	0.4609047984937903	0.8916256018065167	1.0708166169914766
1.41	0.2600359452189406	0.4563269731035938	0.47434769678910893	1.0528442977931076
1.4199999999999997	0.2600952330711087	0.4563352526031129	0.47607034645410423	1.0527540325214222
1.43	0.2682767734353866	0.4515577026964771	0.949090282146033	1.0347159748902732
1.44	0.2764503714387616	0.4467010222529214	0.9616405397302098	1.0166164254393912
1.4499999999999997	0.28457679159252336	0.4413493522353081	1.009763827917853	0.9980937676987679
1.4599999999999997	0.2933389292543398	0.4356273683763371	1.07774635270566	0.9781664663120982
1.47	0.30247653876240244	0.42934044172841546	0.5573621050290988	0.9570469616910654
1.4800000000000002	0.3025902653117497	0.4294085431173465	0.6000039963778709	0.9569446439340502
1.49	0.3122324639742512	0.4223530358057156	1.2029875241979207	0.9341985719118803
1.5	0.32186750220782623	0.4150120251007262	1.2115781269502983	0.9111353223980919
1.5099999999999998	0.3314977631686674	0.4076555234301001	1.2700961092747465	0.8880696516697965
1.5199999999999998	0.341535834118488	0.39893675307907844	1.3356875786171238	0.8627627465877239
1.53	0.3515419243460973	0.3899960748044476	0.6669755033158002	0.8372090429332969
1.5399999999999998	0.3516026980897513	0.39018456600421386	0.7466863125558253	0.8373633762226291
1.55	0.36264759360188636	0.38001207309549795	1.496745482587538	0.8087753803928988
1.56	0.37305887221472633	0.36931038559450063	1.5520629483280834	0.7803488503714181
1.5699999999999998	0.38450155432473443	0.3579674783168829	1.6310415536365432	0.7496757463686471
1.58	0.3953372284378751	0.3454819684445905	1.6918345746114871	0.718202010716499
1.59	0.4065156844315041	0.33227117961877134	0.8698032883970037	0.6852392766103493
1.5999999999999999	0.40653561568023533	0.3321695972293399	0.8941188303847813	0.6850654319372466
1.6099999999999999	0.4173123711345734	0.3180159718203834	1.8282783913557332	0.6511732770249294
1.62	0.42855799975135445	0.30297961007032476	1.9087031235059786	0.6153915662381065
1.6300000000000003	0.4395183328721386	0.28696513755168046	1.9841874038851743	0.5784169556677433
1.64	0.4505127024249158	0.2699222222120846	2.047576997760214	0.5397902422064643
1.65	0.46130161243665646	0.25228780553036323	1.0304547794129475	0.5004633175195653
1.6599999999999997	0.4613517628505772	0.25239368576277305	1.0941526833597348	0.5005942058542135
1.6699999999999997	0.4724916205970644	0.23348217458717713		0.4589574154498117
