mass_A
t	x	y	v	θ_{r}
0.0	0.017699115044247704	0.5309734513274335		1.5374753309166496
0.010000000000000012	0.017701362434164425	0.5309775747230256	2.0457564556815273E-4	1.5374713616316198
0.020000000000000025	0.017700942953998378	0.5309771118224611	5.288022902837925E-5	1.537472121739274
0.03000000000000002	0.01770066691002281	0.5309767779962109	2.6126922959408397E-5	1.5374726201062392
0.040000000000000015	0.01770066881051624	0.5309766669721576	6.157261740012102E-6	1.5374726095683404
0.05000000000000003	0.017700765281136732	0.530976852076389	1.760066994430522E-5	1.5374724396932582
0.060000000000000005	0.017700820219970992	0.530976984759209	2.8703560004022625E-5	1.5374723446616188
0.07000000000000003	0.017700676509479263	0.5309762849103326	3.1938148945408665E-5	1.5374725711246018
0.08	0.017700890908039058	0.5309763499195912	2.308973612000181E-5	1.5374721718680018
0.09000000000000001	0.01770103730332584	0.5309765731501042	6.380333495713703E-6	1.537471910464168
0.10000000000000003	0.01770094210191475	0.5309764668069271	1.710026666991756E-5	1.537472082890881
0.11	0.017700802491895762	0.5309763244912206	3.380115903264479E-5	1.5374723366046166
0.12000000000000001	0.01770032901685792	0.5309767516473279	2.4451972631035906E-5	1.5374732541089469
0.13000000000000003	0.017700347003403727	0.5309765025075676	9.486787653428777E-4	1.5374732046481177
0.14000000000000007	0.017718266708751762	0.5309705681394687	7.345120869155603E-5	1.537439121028507
0.15000000000000005	0.017699111926876232	0.5309772978804326	3.8777687888900714E-4	1.5374755779894334
0.16000000000000003	0.017710564373657256	0.5309714750006551	0.0018951327196720347	1.5374536679484323
0.17000000000000007	0.01773309086593755	0.5309605037472208	0.0022388991366154845	1.5374106007809294
0.18000000000000002	0.017750720875018167	0.5309516628040069	0.003437190274266317	1.5373768777719135
0.19000000000000003	0.017795717738689265	0.5309321561617515	0.0010524216456641406	1.5372909950247622
0.20000000000000004	0.01777012836043279	0.5309435150412474	0.010762990435748167	1.5373398533348623
0.21000000000000005	0.018001097768836183	0.5308676904463296	0.02045257611695198	1.5369004925245922
0.22000000000000006	0.018162717372313675	0.5308286367766439	0.0019847785396670797	1.536593886927461
0.23000000000000004	0.01796235220300646	0.5308763229123239	0.015094086236239979	1.5369739438030903
0.24000000000000005	0.017869994345300788	0.5309024324755649	0.011669655948381234	1.5371493719144995
0.25000000000000006	0.018185128862321154	0.5308067319068275	0.03842289110681906	1.5365503044650304
0.2600000000000001	0.018622674602569722	0.5310573513405238	0.02919388355007526	1.535743527484614
0.27	0.01872400382313555	0.5310315138262548	0.011995384764432675	1.535551243201007
0.2800000000000001	0.018852455846822824	0.5309883855370542	0.007320656322919517	1.535306774191457
0.29000000000000004	0.018862911004921212	0.5309852364187249	0.017552169312716533	1.5352868985827275
0.30000000000000004	0.019190666922048405	0.5308943391249606	0.06009320479781427	1.534664250277103
0.3100000000000001	0.02006410065224029	0.5309449780491328	0.03617070067594111	1.5330248836563865
0.32	0.019894840203964148	0.5310600733217681	0.004314136204510543	1.5333513333451911
0.33000000000000007	0.020031081660362604	0.5310246928824564	0.01110462114320666	1.5330926396017648
0.34000000000000014	0.020108321177723765	0.5309988285821058	0.003720801414146176	1.5329455515375412
0.35	0.020098737150826218	0.5309937012726962	0.01723148691079093	1.532963209791337
0.36000000000000004	0.0204311483105597	0.5308781956729656	0.0416041931015676	1.5323297438588757
0.3700000000000001	0.020912309868203804	0.5311682377645592	0.04623290862266569	1.5314462423500654
0.38	0.021353003665091852	0.5309501362123367	0.036790501441334014	1.530601398049937
0.39000000000000007	0.021574872229906283	0.5308481947746702	0.03753668184593345	1.5301764186500837
0.40000000000000013	0.022078563738970436	0.5311429147712958	0.034903536380102365	1.5292522154666335
0.4100000000000002	0.02223076417378822	0.5310871686198618	0.019512297965252726	1.5289617748305515
0.42000000000000004	0.022447514357318066	0.5310157638767854	0.052968331383068244	1.528548696773819
0.4300000000000001	0.023289826649143475	0.5311125521794429	0.05950553023113397	1.5269733825648388
0.44	0.023637547518371993	0.5310021871751522	0.04834860046286036	1.5263107232060618
0.45000000000000007	0.02420755083664783	0.5308078930545896	0.05957474606675493	1.5252227971457148
0.46000000000000013	0.024829042156871983	0.5310013662042977	0.03824432108308751	1.5240714555019543
0.47	0.024962206825746014	0.5309325749544822	0.02177398854081965	1.5238151478048079
0.48000000000000004	0.02523037139433071	0.5308323174718237	0.05402607969425786	1.5233022366824773
0.4900000000000001	0.026041106215005883	0.5309917612933361	0.07405356937618146	1.5217931961523725
0.5000000000000001	0.026664210496295193	0.531203367178223	0.061619973844311136	1.5206425602000102
0.51	0.02727334927110525	0.5309721265963885	0.08294239757466584	1.519476492481751
0.5200000000000001	0.028315604046149634	0.5310462816293244	0.05377074927325098	1.5175263645870285
0.5300000000000001	0.028347378240457743	0.5310267083145217	0.07999080692099457	1.5174647392402325
0.5400000000000001	0.02736490710752637	0.5297595854695256	0.06921551812688498	1.519186865197066
0.5500000000000002	0.029725500197726906	0.5308959602716236	0.1818431858166557	1.5148635312341638
0.5600000000000003	0.03079866740483872	0.5309579459794648	0.1057728682498585	1.5128554019721363
0.5700000000000001	0.03183665774356759	0.5310307700626657	0.06173378176592061	1.5109154348071572
0.5800000000000001	0.03203330534176074	0.5309482977069943	0.02957180062510488	1.5105371202448294
0.5900000000000002	0.03238767913167084	0.5308158933846917	0.05872688563138331	1.5098569730095441
0.6000000000000001	0.033207815413662356	0.5309563555842711	0.09648949078061698	1.5083342863805536
0.6100000000000001	0.0343090247809108	0.5309962253801548	0.1050353164469395	1.50627345800708
0.62	0.035306221455993825	0.5310546366198292	0.06039223286485221	1.5044108016633764
0.6300000000000002	0.03445094920264702	0.5297967479211436	0.06232957398916034	1.5058610212593349
0.6400000000000001	0.03551992909969559	0.5298265000799887	0.05410549815972901	1.5038558133982696
0.65	0.03553291447231621	0.5298144433350863	0.05680528519667472	1.503829895034355
0.6600000000000001	0.03665603305941367	0.5298245092954209	0.11232698428068354	1.5017211633553662
0.6700000000000002	0.0377788485541215	0.529866603273951	0.12017918303679685	1.4996179841883563
0.6800000000000003	0.039059616714095524	0.529824679892068	0.12004621904574499	1.497207673145339
0.6900000000000002	0.040179686062414066	0.5298461792281504	0.1257888396069157	1.4951084514510395
0.7000000000000001	0.04157413731204518	0.5297451875632015	0.06891811179946054	1.4924773535010276
0.7100000000000002	0.04155520541869939	0.5297576978510943	0.05776295249086855	1.4925147137022639
0.7200000000000001	0.04272917702432255	0.5297676983438899	0.13027562529850473	1.4903141088667033
0.7300000000000001	0.04415887292395215	0.529659662444951	0.13887363435145209	1.487616530881939
0.7400000000000002	0.04550289654396911	0.5296233565497898	0.10614805708681326	1.4850912128326064
0.7500000000000001	0.0462785709625223	0.5297773239705394	0.14825830322596512	1.4836627521669565
0.7600000000000001	0.048459577643770735	0.529847514227001	0.11254392225969534	1.479590589942407
0.7700000000000001	0.04852883607857361	0.5298298661680709	0.06725388972711369	1.4794579365204763
0.7800000000000002	0.049803475363276783	0.5297911831265584	0.08717657516558877	1.477065921648391
0.7900000000000001	0.04983182499468242	0.5286713662813475	0.17639865069697142	1.4768153966502438
0.8000000000000002	0.05333129511771795	0.5297582989774958	0.1710483976051713	1.4704633669559557
0.8100000000000002	0.053252369786247145	0.5287251720265613	0.11313555632795211	1.4704164071403172
0.8200000000000001	0.05516324673359485	0.528430212037819	0.08570320734237089	1.4667822749680572
0.8300000000000002	0.05494953233346511	0.528485057079446	0.08607329064099095	1.4671930405296338
0.8400000000000001	0.05686880158092866	0.5286637226530883	0.1836970304896937	1.4636375462002722
0.8500000000000002	0.05862321065100773	0.528441156925581	0.19461806474343218	1.460311967782046
0.8600000000000002	0.060757347838832576	0.5284914308949176	0.2152291198965942	1.4563350936459538
0.8700000000000001	0.06292540029826965	0.5285846625337526	0.2333614312238666	1.452308877060816
0.8800000000000002	0.06542453684790173	0.528510660735424	0.12377447403710962	1.447632517023391
0.8900000000000002	0.06540040940235836	0.5285358967266367	0.09427827965089758	1.44768329935976
0.9000000000000001	0.06730277019548225	0.528676784477285	0.2321020691124124	1.4441732377305514
0.9100000000000003	0.07004242907618607	0.5285500932861469	0.19468463924031315	1.4390459198901797
0.9200000000000002	0.07102728194822694	0.5275415066671789	0.18573340414269027	1.436962859908532
0.9300000000000003	0.07359115585549136	0.5274522329983077	0.2532102447760614	1.4321692916888158
0.9400000000000003	0.07608919954682347	0.5273893178080631	0.12433645195394799	1.427509852473742
0.9500000000000001	0.07607725003841725	0.5273960455671503	0.13958442820615455	1.4275338510372804
0.9600000000000001	0.07887774135886905	0.5272568051613858	0.19703044508708195	1.4222973714209022
0.9700000000000002	0.07982873049130734	0.5261898975960999	0.20555241461758314	1.4202335718894403
0.9800000000000002	0.08287618044915335	0.5263011886570634	0.30406873406023743	1.4146097495172267
0.9900000000000001	0.08590913415313306	0.526081226889581	0.23393984430450035	1.4089249734027707
1.0000000000000002	0.08742148936667515	0.5251915458561662	0.09851310120480207	1.4058522487838498
1.0100000000000002	0.08763799787800752	0.5251362598719513	0.19600172612003233	1.4054340514557728
1.02	0.0913394214578811	0.5250631761342266	0.2646525968175989	1.3985609858757837
1.0300000000000002	0.09277641485485566	0.5238661930339629	0.2628525429538181	1.3955143238356331
1.0400000000000003	0.0964341875054684	0.5237670501159445	0.2806949028962014	1.3887189002070424
1.0500000000000003	0.09827745621953654	0.5227461951282354	0.2988076128081113	1.3849632370997855
1.0600000000000003	0.10229775895923965	0.5226125261467907	0.2006047009609902	1.3774973388648823
1.07	0.10228759524995179	0.5226209618427297	0.20637032544812536	1.3775191118113128
1.0800000000000003	0.1064231594992886	0.5227411918935553	0.3283740704220431	1.3699543980127495
1.0900000000000003	0.10872717520803143	0.5213311471220367	0.343174160364248	1.3651867404105167
1.1000000000000003	0.11314554477106653	0.5213566565944506	0.35856186209826707	1.3570888946039503
1.1100000000000003	0.11579868834717277	0.5201393646320229	0.28975726044451516	1.3517387134224965
1.1200000000000003	0.118520721096808	0.5191907416701491	0.1514290253693999	1.3463623936687428
1.1300000000000003	0.11866130465603486	0.5191505634599125	0.16380067297491918	1.346088236103674
1.1400000000000001	0.12151503222372917	0.5178616949960211	0.3291374815495153	1.3403182978961818
1.1500000000000001	0.1247896224064573	0.5167471670601982	0.35380866126018834	1.3338423347603643
1.1600000000000001	0.1282275139001472	0.5156223162301928	0.3644071275162365	1.3270557329931165
1.1700000000000002	0.131709776553666	0.5144605782443582	0.39374027927830535	1.3201642717468454
1.1800000000000002	0.13569801669988069	0.5131315029233315	0.20868085878066178	1.3122638651538072
1.1900000000000002	0.1356648317523781	0.513127679634668	0.20651118217403927	1.3123224691994801
1.2	0.13962142622202078	0.5118409196959696	0.43561576826058634	1.3044925462113035
1.2100000000000002	0.14403748462587462	0.5107187124529	0.46314058380040685	1.2959071311818107
1.2200000000000004	0.14860422785957061	0.5095806199623882	0.4893294647733874	1.2870446338737054
1.2300000000000002	0.15352484758305418	0.5083171974816996	0.5048057612421198	1.2774821473316567
1.24	0.1583783079345661	0.5070510149891034	0.2483617905243258	1.268046459816369
1.25	0.158336790552303	0.5070848677946123	0.2016338416275323	1.2681400581433073
1.26	0.16176257954036144	0.5048580288664848	0.4939597194409623	1.2607196811175516
1.27	0.1676004099406203	0.5036521083214671	0.6045155459327692	1.2495526831323585
1.28	0.17359537031342442	0.5023759570241172	0.5392005271325585	1.238092501086583
1.2900000000000003	0.17771851844654674	0.49992132239269627	0.5017909321760088	1.2292363937888644
1.3	0.1824099238096677	0.49757790507488897	0.2561882476503291	1.2194140845301948
1.31	0.18228219545314817	0.49759198354377904	0.32297114744202	1.2196495305394035
1.3200000000000003	0.18878297473010275	0.4965251150685017	0.6528828252514917	1.207467304175962
1.33	0.19486854256199193	0.4941154536849901	0.651867953792335	1.1951453899257227
1.34	0.20090345455994008	0.49172233458558706	0.6517267658823371	1.182923117934716
1.35	0.2069693161107079	0.4892708287800388	0.639373664287501	1.170607470869946
1.36	0.21221044810448175	0.48574978320301515	0.31554061223138063	1.158913168836785
1.3700000000000003	0.2121956243855172	0.4857335907326913	0.36153120066239486	1.1589265664890671
1.3800000000000003	0.21905339418718262	0.48341397230951183	0.7765880602167169	1.1453356403638884
1.3900000000000001	0.22699750241444971	0.4810282732168307	0.7728426107701262	1.1298799066422323
1.4	0.23334738030902724	0.4775321153614642	0.8207286539539064	1.1162676579386355
1.41	0.24223716473749335	0.4749298388564398	0.8060045607782288	1.0991424163418009
1.4200000000000002	0.24778138544767614	0.47035459235867383	0.3592770866724145	1.0859416505976505
1.43	0.24774929945248547	0.470320242248611	0.4647856743951852	1.0859649356721486
1.4400000000000002	0.25628232426632624	0.46659369772431325	0.848364658785387	1.0685196701017965
1.4500000000000002	0.2626920481924421	0.46228262457886893	0.8765305012328873	1.0540497342068798
1.46	0.2713406128218634	0.45761760538884766	0.9871956645973808	1.0355828336800972
1.4700000000000002	0.2799374728404346	0.45266922555509187	1.0047587453000801	1.016946258661871
1.4800000000000002	0.2887431745191825	0.44756937664574037	0.5142665876826473	0.9978479514101173
1.49	0.2888784304034021	0.44758519888915926	0.5176853966266026	0.9976506990043611
1.5	0.2974880283908753	0.4420262007767177	1.06190245828706	0.9784150712286093
1.5100000000000002	0.3067704905938967	0.43614278155250497	1.1247821527303097	0.9578110577656885
1.5200000000000002	0.3162754269395395	0.4296533428928691	1.1775991183813497	0.9362392571692457
1.5300000000000002	0.3260954200638061	0.42268013046038927	1.2419137920305845	0.9136800246943387
1.5400000000000003	0.33666032761084763	0.415461945098599	0.6414536773601467	0.8897896475095955
1.55	0.33669927585636295	0.41545909380280344	0.631001443728949	0.8897297042023729
1.56	0.3462213855349875	0.4072247550336286	1.2698588924687881	0.8661877332941259
1.5700000000000003	0.35595066455438484	0.3988940500083998	1.3571007474696033	0.8422272640685963
1.58	0.36673573181961194	0.38945256968608233	1.4018313445049873	0.8154303758979767
1.5900000000000003	0.37655235318827807	0.37987766568311904	1.4437358257979411	0.78979419606562
1.6000000000000003	0.3871102839528925	0.36899219629639957	0.7553505209060908	0.7614402720793441
1.61	0.38702962691814535	0.36899426093264365	0.819545669631648	0.7615471367162948
1.6200000000000003	0.3982895041022183	0.3570052417750167	1.6346728979059295	0.7307926982027062
1.6300000000000003	0.40896223890954586	0.34474920526155955	1.6648105712327765	0.700407617417712
1.64	0.41981931995239885	0.33160632989492567	1.7745396280714183	0.6685388631171956
1.65	0.43120004420833236	0.3170891913040152	1.8772925884244012	0.6340683809746911
1.6600000000000001	0.44169376439896724	0.301090765584638	0.9557007062962338	0.5983198587500591
1.6700000000000002	0.4416778689072568	0.30110292452328546	0.9814849334993491	0.5983554026416741
1.6800000000000002	0.4523141990470988	0.28458223937060984	2.013984016763827	0.5615918968701968
1.6900000000000002	0.46314965254974616	0.26702338293126576	2.0221346439776613	0.5229893732903019
1.7	0.47261212287055343	0.24960216367304933	2.119680164414901	0.4859000591365755
1.71	0.48327215317525807	0.22970981209783004	2.1859122273259937	0.4437109013330095
1.7200000000000002	0.4930225978453463	0.21094084686240877	1.0603502344722298	0.40428407891316714
