mass_A
t	x	y	v	θ_{r}
0.0	0.18721740325757708	0.4867652484697005		1.2036224929766774
0.009999999999999997	0.1872576822994284	0.48674373300636475	0.005984198230420463	1.2035355975195154
0.019999999999999993	0.18732631867610183	0.4867156331193343	6.493530370973033E-4	1.2033934191752351
0.030000000000000002	0.18726943084431846	0.4867381980773064	0.003979623581141507	1.2035107615789018
0.03999999999999999	0.18725226276389217	0.48674479959676686	6.429967193675262E-5	1.2035460306625456
0.049999999999999996	0.18726916404128446	0.486739456089733	2.6354891732622817E-4	1.203512105223602
0.05999999999999997	0.18725732329274591	0.4867462741341352	0.0012458766698705656	1.2035379895168243
0.06999999999999998	0.18724782108695537	0.486752315396523	7.788993961076015E-4	1.2035591537791661
0.08	0.1872437633141214	0.48675394229476254	3.5002136914633985E-4	1.2035675355831523
0.08999999999999998	0.18724115324730417	0.48675444750766683	2.845710862439762E-4	1.2035725543756366
0.09999999999999999	0.18723826188461967	0.4867554005658925	3.5756219182296335E-4	1.2035783848871398
0.11	0.1872465081097684	0.4867497077042534	3.054173135801426E-4	1.203559708252024
0.12000000000000001	0.18724269541341731	0.48675119869528827	2.4362184682681027E-4	1.2035675579480547
0.13000000000000003	0.18724204131149103	0.4867516540739124	7.74182136522566E-6	1.203569042032694
0.14	0.18724282146249016	0.4867511087733752	8.89061532802619E-5	1.2035672704641234
0.15000000000000002	0.18724348388556666	0.4867506145058903	0.0017692102080946249	1.203565744714284
0.16	0.18720962341184466	0.48676335341863375	0.0032774125056782236	1.2036351117949802
0.17	0.18718040803071823	0.4867684473303464	3.434597248935607E-4	1.2036909042720971
0.18	0.18720434574383016	0.4867589565955332	0.0184437087975634	1.2036415307570956
0.19000000000000003	0.18753884734699766	0.4866813300861936	0.057883115023020605	1.2029895062811844
0.20000000000000004	0.18836199709294632	0.4867539211415486	0.04230143039750823	1.2015678664548157
0.21	0.18838170157185896	0.486754550036368	0.051354825184401716	1.2015330929665713
0.22000000000000006	0.18938908169949165	0.48675886471169566	0.058474458022596196	1.199737361433202
0.23000000000000004	0.18848370726172348	0.48558951796142336	0.06155144664095626	1.2005431986071826
0.24000000000000005	0.18967860949240367	0.4855623673692125	0.1721764921646081	1.1983874991998194
0.24999999999999997	0.19192664223460398	0.48552551363219654	0.1306874915629518	1.1943510669085373
0.26	0.19201776773334722	0.4843961654552061	0.056750120524897085	1.1933916651422731
0.27	0.19200017193517027	0.4843928954904688	0.12029384810545639	1.193420745384373
0.2800000000000001	0.1944225303209458	0.484322947601551	0.1809398002395055	1.1890564310088292
0.29000000000000004	0.1954402782561061	0.4832697957509343	0.16200207810252368	1.1864919886034926
0.3	0.1967329292152895	0.48205140049157735	0.24814679781461269	1.1833129663462998
0.30999999999999994	0.2002305935599462	0.4819722547704435	0.26592462243293086	1.1770507983593725
0.32	0.20187445836482498	0.480690871208204	0.09851421734412776	1.1731961127258679
0.33000000000000007	0.20175944744508978	0.48072942485229214	0.0980135733627599	1.1734281393421786
0.34000000000000014	0.20358606062239626	0.47973531799816704	0.24587211580889134	1.1694580316680059
0.35	0.20613786085317587	0.47849095775161204	0.2672346574809892	1.164016328185311
0.36000000000000004	0.20837401938077782	0.477360197834548	0.27773388877718885	1.159214464472622
0.3700000000000001	0.21113011328667264	0.47605541657348205	0.3286079793352062	1.1533617477921352
0.38	0.21446484570515778	0.47489136889771444	0.17705454516498362	1.1466058089364037
0.39000000000000007	0.21447493338262869	0.4748928748275135	0.19207549754937947	1.1465893549578774
0.39999999999999997	0.2180982030027967	0.4736440062995778	0.37644007630810133	1.1392708752529828
0.41	0.221605384437625	0.47247636491182066	0.34584848007531127	1.132230587633306
0.42000000000000004	0.22407984935853287	0.470170625332412	0.4033853271808302	1.126049359094381
0.4300000000000001	0.22882406719093784	0.46887379524824185	0.4557066250763563	1.1167711994658198
0.44	0.2324535291344596	0.4665721675703105	0.2121108004274387	1.1085772620800243
0.45000000000000007	0.23239355786896176	0.46658138757012535	0.20833244102573567	1.1086881289439763
0.46	0.23591868140324512	0.46425836504035517	0.4598393024370849	1.1006400779248509
0.47	0.24032072872899135	0.4619186806543705	0.48660483921122893	1.0910674286774489
0.48000000000000004	0.2443844816180586	0.45945795520989496	0.49570056062291473	1.0819576254538177
0.49	0.24898188329560744	0.4570945724576222	0.5699860961724497	1.0720271515087039
0.5000000000000001	0.25475587403578404	0.4547263720446625	0.3126762333485244	1.0601253674864977
0.51	0.25477216636109445	0.4547325409629247	0.25014367603967325	1.060103883001794
0.52	0.2583874228220999	0.4512853552069147	0.6008386362580695	1.0507985732197154
0.53	0.265216934370477	0.448790348778355	0.6456844534520416	1.0370507495042454
0.5400000000000001	0.26985382657614054	0.44534524154460225	0.648077920614966	1.0260184369983514
0.55	0.27609161924463554	0.44173746104614237	0.7198560470150585	1.0121877226025422
0.56	0.2823248827515151	0.4381515047381638	0.3567542267893785	0.9984000844494909
0.5700000000000001	0.28225942476485333	0.43815031644387076	0.3681078015019528	0.998504422593577
0.58	0.28858103986194306	0.4342705461426256	0.7503508813692217	0.9842820263052532
0.59	0.29477097638546	0.42986348024942844	0.7905764809509566	0.9697107888096964
0.6	0.30086813190209494	0.4243190719759528	0.857154996538462	0.9540149639854998
0.6100000000000001	0.3083480058005009	0.4193968596152668	0.8978389588124366	0.9368231921449212
0.62	0.31591145161529166	0.41451374432252336	0.4577181072212106	0.91958002232524
0.63	0.3160750329072941	0.41448815323148824	0.49081387958950357	0.9193006641573533
0.64	0.3236604825812318	0.4084878149462378	0.9946527096780764	0.9007447319827419
0.65	0.33198005608004544	0.4025397707877337	1.0424142075742509	0.8811666706564386
0.6600000000000001	0.34002556914486604	0.39557135669229593	1.1305284859811215	0.860766306533196
0.67	0.3495594871616725	0.3883200146051463	1.2210726566275256	0.837879543941531
0.68	0.35916970813074167	0.3804085958752536	0.6255214906039365	0.8141078374875078
0.6900000000000002	0.35915454182893125	0.38029220170154265	0.6350283130363912	0.8139761581698653
0.7	0.36843810130719923	0.3717252053352785	1.2785330697387622	0.7898391865991887
0.7100000000000001	0.37744582432075546	0.3624235781123982	1.3293248221214087	0.7650970367832174
0.7200000000000001	0.38700450161450217	0.35269547667950846	1.4839404667432747	0.7390490294379536
0.73	0.39784556371349866	0.3408670859060245	1.524546748920494	0.7084184552161525
0.7400000000000001	0.4072389204418988	0.3298861494080802	0.7220608461694222	0.680842373227164
0.75	0.40733870361223656	0.3299845751161676	0.7990187167420076	0.6808684548088695
0.7600000000000001	0.4175218150157015	0.31765363359710835	1.6111225393291333	0.6503819601472034
0.7700000000000001	0.426523718555042	0.30409593791105216	1.6706527964913713	0.6193735652660588
0.78	0.4360073126679308	0.289819864841886	1.758875466158618	0.5866490616000867
0.79	0.4457602537617782	0.2746440640246274	4.122877348907637	0.5521918672366588
0.8000000000000002	0.464023068278266	0.21226753095543016	3.255814549222518	0.42903236713779486
0.8100000000000002	0.4639784971940515	0.21212825036268984	0.9435427539108809	0.4288204455628867
0.82	0.47150944261219174	0.19494519362135704	1.9810874061695427	0.392046466448803
0.8300000000000001	0.48038526143563876	0.17606301763816157	2.1196494932946304	0.35130121004305814
0.8400000000000001	0.48857389780039995	0.1561383648550262	2.138980029372568	0.30932175999350725
0.85	0.49530493237123374	0.13596940660603563	2.187470905514324	0.26791670584758326
