mass_A
t	x	y	v	θ_{r}
0.06666666666666697	0.35950185079447217	0.38744632238984084		0.8227922508321046
0.1	0.35950252176272157	0.38744657230254353	9.866428666679471E-6	0.8227916418609227
0.1333333333333335	0.3595022794693473	0.3874468212771858	1.2031487825273619E-5	0.822792298306984
0.16666666666666696	0.35950235801624075	0.3874473575096487	6.35608224812516E-5	0.82279287944135
0.2	0.3595001324410324	0.3874504744577013	1.0536934367035045E-4	0.8227999773042077
0.23333333333333348	0.3594982295366752	0.3874530409050708	1.1617087430062367E-4	0.8228059192004191
0.2666666666666665	0.35949549531220326	0.38745667750540597	1.3592616285595707E-4	0.8228143912122333
0.30000000000000043	0.35949360650500173	0.38746083467090764	1.5363926150933197E-4	0.8228223605288659
0.3333333333333335	0.3595022196577914	0.38744895129104756	3.6801763924000815E-4	0.8227951223513735
0.36666666666666653	0.3595088566439034	0.38744161552916784	0.0023071833821345874	0.8227764770485606
0.4	0.3596039208106697	0.387333560319958	0.004676727139001809	0.8225055673120752
0.43333333333333346	0.3597439829083261	0.387236863150993	0.028385322001715983	0.8221868926086188
0.46666666666666695	0.36097457877266315	0.3860288368087344	0.05519344577409428	0.8189252788714637
0.5	0.3623218742672699	0.3846112850447031	0.06136600353080595	0.8152305490611577
0.5333333333333334	0.3638236030603498	0.38309287206009524	0.033356992844870856	0.8111908676745866
0.566666666666667	0.36389782539169124	0.3830423164752629	0.03621920350633039	0.8110231090856665
0.6	0.3655794182567228	0.38143532215902015	0.0740795685305768	0.8066206674546166
0.6333333333333335	0.3673801523647299	0.3795403822696706	0.09733017842816162	0.801677212022319
0.666666666666667	0.37007775316674285	0.37675900603233836	0.12117993647785022	0.7943439933308738
0.7	0.37300208792161327	0.373738776691717	0.1283903180606144	0.7863847017884993
0.7333333333333335	0.37606281006047493	0.3706400482717994	0.06486875508979145	0.7781360156798307
0.7666666666666665	0.3760818009829089	0.3707027609799887	0.0714536288453112	0.7781953538400391
0.8000000000000005	0.3792052924285071	0.36706004075929954	0.16190164635499216	0.7691248903259029
0.8333333333333335	0.3832251262833849	0.36261132616310787	0.17279380299829086	0.757766698632883
0.8666666666666665	0.38712845066233925	0.3586979569772684	0.18145336757413408	0.7472971593644099
0.9	0.39142583103885686	0.3537184516260794	0.20722983819216503	0.7348371607722123
0.9333333333333335	0.39615608611132525	0.34824018784354693	0.1074704558858235	0.7211180391679435
0.966666666666667	0.3960209085657852	0.34822134816429623	0.12284490799793288	0.7212604468315663
1.0	0.4011111038520133	0.3417195790653386	0.24490708564225436	0.7056149014512448
1.0333333333333334	0.40626990739527324	0.3355117654678964	0.2610659110390895	0.6902964700950951
1.0666666666666669	0.4121443815678615	0.32825927759161594	0.2861661684228349	0.6725827777044859
1.1	0.4179774450188719	0.320448767746768	0.30298228679731726	0.6540818101323123
1.1333333333333335	0.42421278046402155	0.3120621777920095	0.15791819516610087	0.6342384487422267
1.166666666666667	0.42429331732121234	0.31202582244423277	0.1679740642352363	0.6340922322652397
1.2	0.4303255696556093	0.30267947665924533	0.33812654480757637	0.6129862769217561
1.2333333333333334	0.4365994241958454	0.2931395546097237	0.3499109831986812	0.5912829512735236
1.2666666666666666	0.44297376796581156	0.2830786956031669	0.3874231532852769	0.5686330343757295
1.3000000000000005	0.44990857376600946	0.271004447182001	0.41222297599771834	0.54214894096247
1.3333333333333335	0.4562713479971173	0.2590285614722964	0.2031283114081959	0.5163363289129269
1.3666666666666665	0.4562453678100534	0.2590366672569407	0.2284811067102542	0.5163742119496256
1.4	0.46302995104592426	0.24537801728941327	0.4572954643148187	0.4873116098707306
1.4333333333333336	0.4698969765856965	0.23177768735459703	0.47967800507117697	0.4582347603768124
1.466666666666667	0.47683734590095816	0.21653391107877096	0.5020594159769639	0.42626185607252887
1.5	0.4835419488379952	0.20121467616468702	0.5300070626975	0.39433087226483327
1.533333333333333	0.49061061412876394	0.18399509118400992	0.2819096883144474	0.35879945982228584
1.5666666666666669	0.4907057618356202	0.18383959520680204	0.2789235327348876	0.3584578553878943
1.6	0.49720426215296654	0.1666084815978025	0.5801673650309371	0.3233312725479392
1.6333333333333335	0.5041908737537127	0.14758872139835078	0.6079282780100594	0.28476818287155864
