mass_A
t	x	y	v	θ_{r}
0.0	0.028330050382937344	0.5213869579382087		1.5165137661305041
0.01	0.028330050382937344	0.5213869579382087	0.0022283148619584546	1.5165137661305041
0.02	0.02828642389511493	0.5213960620257463	0.002130184882899095	1.5165981386298812
0.03	0.028292377243617994	0.5214068529030984	5.581082569657284E-4	1.5165878737597307
0.04	0.028297388185604122	0.5213981544560714	0.0013137539071343583	1.5165773888079386
0.049999999999999996	0.02830767457914085	0.5213854900555047	0.0011566453324678805	1.5165564034189973
0.06	0.028314509025920587	0.521382597843429	0.0038429540745163696	1.5165430333514305
0.07	0.028382534662053982	0.5213680749358163	0.007247072362986734	1.516411434415052
0.08	0.028451444742498166	0.521335093815609	0.0021509567243413437	1.5162762122014275
0.09	0.028415485740241442	0.5213404186096271	0.003425803193305748	1.516345537522978
0.09999999999999999	0.028383998723136017	0.5213471555517981	0.0023070193670575636	1.5164064565595294
0.10999999999999999	0.028460631824004712	0.5213499457532095	0.006928259414759586	1.5162601928893835
0.12	0.02851901978266702	0.5213160167513974	0.009710580074428916	1.5161449829517788
0.13	0.028645281681377033	0.5212897579112054	0.017567847775419275	1.515900750874694
0.14	0.028865048767795942	0.5212550606062207	0.02345607619244518	1.5154767718351845
0.15	0.029108070949175446	0.521366576514089	0.02115596384721441	1.5150238911349738
0.16	0.029273666551162703	0.5213648851464575	0.016706907967571183	1.5147070837436847
0.16999999999999998	0.02944217684422168	0.5213619331930713	0.016534556646985384	1.5143845767110857
0.18	0.029600684752624673	0.5213157351584865	0.011692491790023749	1.5140765065677937
0.18999999999999997	0.029668641494038694	0.5213036278923929	0.02114365420746208	1.5139452527540749
0.19999999999999998	0.030017225078743603	0.5212428256116864	0.04073708583505313	1.5132720657527419
0.21	0.030480997371129304	0.5213659335413283	0.027206233530084407	1.5123990699657919
0.21999999999999997	0.030547448378489994	0.5213650340793283	0.01283184658129046	1.5122719487349707
0.22999999999999998	0.03073121381593591	0.5213088875474057	0.019045404156196353	1.5119143655938552
0.24	0.030917359269867495	0.5212741665921314	0.03738847126607623	1.5115545999282536
0.25	0.031476860167623966	0.5213651959096621	0.049194924648889644	1.5104956021840406
0.26	0.03190006033634574	0.5213226934756765	0.049435251216864845	1.5096819046551577
0.27	0.032465535680108126	0.5213575567890341	0.04003927470323158	1.5086054775551194
0.28	0.03270005859668268	0.5213581926441481	0.02770384455830078	1.5081574726142026
0.29	0.033019321696239334	0.5213396054753833	0.02779232773685766	1.5075452785563195
0.3	0.03325187533508389	0.5212913818693183	0.047502325935304415	1.507095127509497
0.30999999999999994	0.03396923069282387	0.521355769816176	0.05021001500329623	1.5057327263555327
0.32	0.034255010695632304	0.52133761704067	0.02428586538346765	1.505184637292726
0.33	0.034452116888665674	0.5213034035595314	0.026225859002355308	1.504803875764784
0.33999999999999997	0.03477588221491046	0.5212758826696153	0.03682292009424206	1.5041820267170782
0.35	0.03518407720523509	0.5213846751577342	0.036514032846824515	1.5034164880328857
0.36	0.0355049140062782	0.5213185732431731	0.058149479174495915	1.5027953529708027
0.37000000000000005	0.03634655343331883	0.5213501238850191	0.058040200013812444	1.5011927394017612
0.37999999999999995	0.03666559296235028	0.5213015354032673	0.03362626830729716	1.5005772537846422
0.39	0.03700929033299205	0.5212357990411692	0.035002696384835726	1.499912314794081
0.39999999999999997	0.03736233980742332	0.5213695010972926	0.04158107694400821	1.4992567011743378
0.41	0.037838343734653	0.5213011047922465	0.06805255713429029	1.4983389653495827
0.42	0.03872257225446807	0.5213223004297847	0.06727216274259554	1.4966548712633838
0.42999999999999994	0.039181845999146314	0.5212288606414263	0.06425435992414572	1.4957653859692004
0.43999999999999995	0.040007251211139794	0.5212899108328519	0.07076642760191762	1.4941998329651445
0.45	0.04059609585550461	0.5211736134333027	0.04113899381989429	1.4930596801848617
0.45999999999999996	0.040829380235557045	0.5213226307383523	0.038611564941471194	1.4926370384086656
0.47	0.041359541982004755	0.5212897650188439	0.07493269182406714	1.4916213928065263
0.48	0.042327790762914375	0.5212956267922505	0.09906694345478956	1.489776781495123
0.48999999999999994	0.04334087701055522	0.5212936661505959	0.09672797182234989	1.487846104244483
0.5	0.04426233809664992	0.5212887837897897	0.09006705411933938	1.4860900645239028
0.51	0.04513866919678011	0.521180648672997	0.03755710219032484	1.4844034179722976
0.52	0.04501240887685187	0.5212486814873479	0.04724578408509128	1.4846550665615323
0.5299999999999999	0.04608053403972179	0.5212565187142284	0.1068670956837983	1.4826227471594058
0.54	0.0471496220127503	0.5212721435354067	0.10869996404988054	1.480590727115359
0.55	0.04825435636793629	0.5212842560380833	0.1116000725334185	1.4784911562514298
0.56	0.04937910133648482	0.5211660661069596	0.11681551681458498	1.4763309814299905
0.57	0.050584175921857155	0.5211102249097428	0.061700189800742974	1.474029485928702
0.58	0.050612213401644235	0.5212129703001357	0.061858805072103215	1.4739951519726526
0.5899999999999999	0.0518166463778269	0.521218026955832	0.12134549161958334	1.4717073788294899
0.6	0.053031917830346664	0.5210260965131113	0.12184269352026157	1.469362035883072
0.61	0.05424870276959748	0.5210651921006552	0.1238527446522048	1.4670588952491246
0.6199999999999999	0.055506079748540715	0.5209064146610531	0.1189745761499081	1.4646401734831405
0.63	0.05661149360711437	0.5207837682811832	0.05944444836027543	1.4625170778395544
0.64	0.05661126123575799	0.520468201406284	0.07508884809544102	1.462452380325602
0.6499999999999999	0.0580247667450392	0.5202758380882038	0.14741055797678917	1.459728376899258
0.66	0.059552142571715816	0.5202604370950418	0.15977972157851217	1.4568263403616937
0.67	0.06121838005659064	0.5201633312556803	0.16071496046308184	1.4536445494039827
0.6799999999999999	0.06275243425801436	0.5199606829803602	0.16070097939992053	1.4506903233237498
0.69	0.064431384396051	0.5200825536186361	0.09257163929219744	1.447537515905141
0.7	0.06459995685724285	0.5200809477126722	0.08546911430278047	1.447217923954335
0.7099999999999999	0.0661091302452772	0.5197552056916765	0.16388732422607963	1.444282833985604
0.72	0.06783889172092739	0.5195780332412141	0.17729575261456623	1.4409654011201356
0.7299999999999999	0.06959065387821861	0.5190825194711123	0.19109090841833737	1.437526249752608
0.7400000000000001	0.07162058391631831	0.519025676244899	0.2037622062722179	1.433671851835245
0.75	0.0736637471155791	0.5189501330604177	0.11296822935311296	1.4297906974103338
0.7599999999999999	0.07387850086949765	0.5189448098747824	0.11267903726064586	1.4293836395023471
0.7699999999999999	0.07589790406260599	0.5186548892438083	0.19066352712507734	1.4254916231404817
0.78	0.07761129911290954	0.5181655477210169	0.20455941492705565	1.4221206704112999
0.79	0.07992042785222597	0.5179084818107923	0.22944225304999938	1.4176901932917165
0.7999999999999999	0.08218238159241387	0.5177621819323912	0.2363251422992502	1.4133833947287917
0.81	0.08460933114505542	0.5173134901607688	0.12338754083077458	1.4086765040838187
0.82	0.0846394704887069	0.517533035148386	0.11414891963192783	1.408687359647948
0.8299999999999998	0.08687509968677698	0.5170336987087912	0.24141325883052683	1.4043253556356703
0.84	0.0893911991246602	0.5166767527265583	0.25372008129577256	1.399480384788724
0.85	0.09190330157914728	0.5163505167486543	0.2484124209928759	1.3946546055986002
0.8599999999999999	0.09424970723972648	0.5156382965371831	0.2609547964401672	1.3900094312725693
0.87	0.09703128968043373	0.5153795891781752	0.12926252402958202	1.3847031804179788
0.8799999999999999	0.09682572303458892	0.5154199787137732	0.12192413072400168	1.3851026389236694
0.8900000000000001	0.09934349213564486	0.5146050459145437	0.2801978890520358	1.38009419886436
0.9	0.10231158947941366	0.5142755958402414	0.28703235235836244	1.3744172078733468
0.9099999999999999	0.10500407787249055	0.5136496414787319	0.2996674955425336	1.369147266677901
0.9199999999999999	0.10818574028827255	0.513086228181073	0.31248138171982615	1.3629873576623803
0.93	0.11106559055387977	0.5121278301954346	0.1455805255716659	1.3572326786213882
0.94	0.11091634630323699	0.5120756508404756	0.16499263132563885	1.3574899446261681
0.9499999999999998	0.11431827459845012	0.5115718860769295	0.3348983808374462	1.3509436538758786
0.96	0.11751260152359533	0.5109128149694631	0.33847871182216094	1.3447230050219678
0.97	0.12092712077274215	0.5101055001839048	0.36506959651053295	1.3380302694268176
0.9799999999999999	0.12465317109426943	0.5093888102696973	0.3706962648821803	1.3308014740219982
0.99	0.12815343689672687	0.5084482000918036	0.18319148768471433	1.3238909079196262
1.0	0.12819339873085345	0.5084451807103774	0.19317959204165383	1.3238156006522386
1.0099999999999998	0.13186309533012186	0.5073684889174179	0.3817121223468116	1.316525584786697
1.02	0.1354885962474922	0.5061953471761285	0.396994212774401	1.3092661341972494
1.0299999999999998	0.1394360804852659	0.5049827693549978	0.40827741396210504	1.3013887209500585
1.04	0.14334675416750553	0.50397599303477	0.4063886936192551	1.2936828454212717
1.05	0.14722991810431363	0.5026769499152879	0.20304495250999635	1.2858735775643002
1.0599999999999998	0.14718215054608252	0.5026415884053141	0.22628403090914975	1.285942126282694
1.07	0.1515935683554972	0.5014768076140823	0.45910468768860585	1.2772360235627145
1.08	0.1560373021053567	0.5002131863452454	0.46419283944907314	1.268420258790037
1.09	0.16049822099202715	0.4988505634706226	0.47315095771808985	1.2595193651037846
1.1	0.16503863347711756	0.49729346631558957	0.47324685497464675	1.2503599975281106
1.1099999999999999	0.1694220621471656	0.49569618661691384	0.23433257917281639	1.2414576782441913
1.12	0.169421603852554	0.49563386583572716	0.2596868712293854	1.2414200258819206
1.13	0.1743730138616909	0.49412679643088536	0.5137810455768999	1.2315481253679876
1.14	0.17908753003196298	0.4921469967226327	0.5347286475654197	1.2218010408585476
1.15	0.18443928929617204	0.490515150062812	0.5530871607676863	1.211139242866688
1.16	0.18948906375994834	0.48838265626672184	0.5621542065148515	1.200683450783386
1.17	0.19480661379975417	0.4861648025596391	0.29621588228012613	1.1896859781961384
1.1799999999999997	0.19497562535102797	0.4861476660042629	0.31032549848812907	1.1893742891850312
1.19	0.20054812876669492	0.48380773406484345	0.6071510332350302	1.1778354535529298
1.2	0.20619285657182929	0.4814972171439452	0.617296116799173	1.1661907371722797
1.2099999999999997	0.2119656676478523	0.4791107558635538	0.6351052863063709	1.1542681686473797
1.22	0.21785536680684503	0.4764643904137794	0.6653914349160746	1.1419435252125032
1.23	0.22401063880105854	0.4734524014576948	0.3371248073657485	1.1288643134129417
1.2399999999999998	0.22383143114672077	0.4733422262121042	0.3401734584739853	1.1290837001902994
1.25	0.23014168760337295	0.47050326034142054	0.7088335656495318	1.1158748770115334
1.26	0.23670302375228136	0.4674008363651867	0.7363684468508488	1.102022696055148
1.2699999999999998	0.24328078294658761	0.46385047375466426	0.7564627707543143	1.0877562332647461
1.28	0.25005021420331763	0.4602771521723913	0.7914880570372292	1.0731424214744236
1.29	0.25717917075405483	0.45627312896072225	0.41032260380471564	1.0575323387159425
1.2999999999999998	0.2572848339561742	0.45640337717778845	0.4192875499131169	1.0574787182355467
1.3099999999999998	0.26457895045559543	0.45232799522743466	0.8292118001793706	1.0415334926055075
1.32	0.2716885336075723	0.4481832603796521	0.8460351477561072	1.0258307291870536
1.3300000000000003	0.2791173411226522	0.44367089494457257	0.8810739485056306	1.0092476994113788
1.34	0.2865957933638552	0.4387869777288997	0.9359821731827094	0.9922065603449562
1.35	0.2947422612335341	0.43336134001068327	0.4992160731865096	0.9735304429711504
1.3599999999999999	0.29495991445821756	0.4333346247130043	0.5090589023857054	0.9731584504736991
1.3699999999999997	0.3032056036184131	0.4277019918047888	1.0035150817661842	0.9541102271736676
1.38	0.3114224136742484	0.42185407040168893	1.0180986732923916	0.9348751473639197
1.3899999999999997	0.3197860662950913	0.4158825916147971	1.0614565021052058	0.9152874731992142
1.4	0.3283349164429048	0.40902273327554506	1.1087613244955168	0.8943928204635542
1.41	0.336801949463556	0.4016628732675165	0.5580731027260117	0.8730054537859676
1.4199999999999997	0.33668441518946624	0.40161570243480593	0.6061191576633634	0.8731194718998591
1.43	0.3457613362176134	0.39349699534130184	1.1730842388931129	0.8498810059021031
1.44	0.35437004328623267	0.38619917846087937	1.1835059743918397	0.8283510130077953
1.4499999999999997	0.36348253291034927	0.3778051584715842	1.2812220313031426	0.8047170376463096
1.4599999999999997	0.3731454238508981	0.36876080003710976	1.334469919334844	0.7794882887720569
1.47	0.38242068664962636	0.3589990339587736	0.6708135816249717	0.7538183908010333
1.4800000000000002	0.38232882282175895	0.35898012890170145	0.7055221330315433	0.7539119961842823
1.49	0.39204329818357486	0.34867866868686215	1.4607782100422861	0.7269211762511306
1.5	0.40137603008107314	0.33682718130562644	1.5754083366163383	0.6981795109411778
1.5099999999999998	0.41105596194971605	0.3235533191898353	1.5816457767938716	0.6668422241358668
1.5199999999999998	0.42099875054145164	0.3120160913047059	1.595117519832476	0.6378020713446344
1.53	0.43115553275571905	0.2987789934826622	0.8343741504695752	0.6059940373031392
1.5399999999999998	0.4313145940348001	0.2988990999496174	0.871615744514237	0.6060095145543318
1.55	0.4418134271963692	0.2849842521467036	1.731337645916287	0.572875570795723
1.56	0.45207022483084935	0.2711823936531452	1.7989017038726085	0.5403223252191568
1.5699999999999998	0.46239411239251327	0.2554740109932413	1.9508491934991603	0.5047626644149584
1.58	0.47300857016133013	0.2382595941802561		0.4666119566181148
