mass_A
t	x	y	v	θ_{r}
0.0	0.03110343219920575	0.5398667160290693		1.5132467761117059
0.00999999999999991	0.031091994222708697	0.5398652245710156	4.1787975654462357E-4	1.5132677341324845
0.01999999999999982	0.031095153937050868	0.5398655672157392	2.4118601012371155E-4	1.5132619371352047
0.029999999999999725	0.03108759079299428	0.539867193855998	9.010248836343558E-4	1.5132760730630128
0.03999999999999991	0.031077509570261452	0.5398692298182254	4.97702852495228E-4	1.513294901265024
0.049999999999999815	0.031077667998064662	0.5398679821405518	8.635603773035912E-4	1.513294476180074
0.06	0.031094725847909732	0.5398678534483496	0.0035513502868510477	1.513262970574377
0.0699999999999999	0.031148685267735954	0.539866806150582	0.0048910793068341	1.513163240755746
0.07999999999999982	0.031192417065782907	0.5398628048183621	0.0051997446137572265	1.5130820782944785
0.09	0.031252496847892774	0.5398606341618688	0.006381078713773282	1.5129709301706915
0.0999999999999999	0.03131986483061222	0.5398561464806895	5.421817636332909E-4	1.512846079491495
0.10999999999999982	0.03126224928207111	0.5398558934389783	0.008362678360683065	1.5129524189838093
0.11999999999999972	0.031487051809293454	0.5398514273806535	0.025257514651966333	1.5125369277353962
0.12999999999999992	0.0317673063080286	0.5398656000907527	0.02634599545092604	1.5120211102483525
0.1400000000000001	0.032013796080745505	0.5398650311673516	0.025795405749267773	1.511566059449231
0.15	0.032283213935015875	0.5398648904964051	0.0273523506582005	1.5110687606650786
0.15999999999999992	0.03255746849444752	0.5398043620550204	0.014932693752589054	1.5105558425065415
0.1699999999999998	0.032579572334941354	0.5398279332795587	0.0106286171954762	1.5105176689209785
0.17999999999999972	0.03276839290877709	0.5398307797164411	0.015682021989879398	1.5101694853654657
0.18999999999999992	0.03289315361977174	0.5398340245257799	0.016680775148529142	1.509939591139088
0.1999999999999998	0.03310072488515048	0.5398600160175415	0.03444480069096291	1.5095594539912356
0.21	0.033581878256778386	0.5398493898190129	0.03776021182480741	1.5086703650556899
0.21999999999999992	0.03385577236481396	0.5398446295859987	0.04291187759217793	1.5081644330237192
0.2299999999999998	0.03444007199917953	0.5398580613758412	0.0439874304413663	1.5070879796205736
0.24	0.034735467251359675	0.5398543517935137	0.02608896191586774	1.506542604085239
0.2499999999999999	0.03496163114743467	0.5398429078808507	0.020640301872338673	1.5061240403822884
0.25999999999999984	0.03514794359953355	0.5398378567412359	0.024866185822301757	1.505779759428002
0.26999999999999974	0.03545888276689646	0.5398513758134423	0.03925398313734634	1.5052078638551458
0.27999999999999986	0.035932959549860755	0.5398478584706221	0.037715613218585985	1.5043330931711931
0.29000000000000004	0.03621288241797116	0.5398296613399074	0.027210615975529255	1.5038146252455904
0.3	0.036473965695270394	0.5397888720371302	0.041835592309597665	1.5033280849360267
0.3099999999999999	0.03704957718481838	0.5398243152489645	0.029748240678775583	1.502271129408413
0.31999999999999984	0.03706716859401693	0.5398346262753133	0.05998325459777194	1.5022400003508336
0.32999999999999974	0.038249110843100675	0.5398065575603663	0.08784123209792466	1.5000574858033344
0.3399999999999999	0.03882382139959095	0.5398100550876829	0.06317183920895157	1.4989986877693071
0.3499999999999998	0.039512310444177134	0.539831037663654	0.07355243315809751	1.497732769212465
0.36	0.040294343035204516	0.5397706813834781	0.08444034736469473	1.4962836798500105
0.3699999999999999	0.041191455689220446	0.5396506487746491	0.044733023105303325	1.4946141947447615
0.37999999999999984	0.04118766269018492	0.5397217187805896	0.012894330385695823	1.494631174569659
0.39	0.04141335511277311	0.5397820494910291	0.06777749412733315	1.4942239704183389
0.3999999999999999	0.04254139336293106	0.5397919238355259	0.10442198395816667	1.4921481633876263
0.4099999999999998	0.04350133157280178	0.5398260335321097	0.08129125813209784	1.490386099425865
0.4199999999999997	0.04416682480939538	0.5397561457371362	0.0657280756234661	1.4891508594990646
0.4299999999999996	0.04481557258396762	0.5397970070849386	0.04823483539146178	1.4879632854932057
0.44000000000000006	0.04512936279209423	0.5398206466670404	0.07120547299882433	1.4873896169253422
0.45	0.046239615111346666	0.5398108141197535	0.100283831612398	1.4853459883558553
0.4599999999999999	0.0471344796968749	0.5397732657499072	0.09669649992926196	1.483694531273808
0.46999999999999975	0.04817352894045279	0.5398029058317146	0.10813900608503281	1.481789307852964
0.4799999999999997	0.04929269777272405	0.5396328642118049	0.11869947498231158	1.4797042422239346
0.4899999999999999	0.050545057647340075	0.5396948422539465	0.058821773361417175	1.4774138341386491
0.4999999999999998	0.050463135149341753	0.5397515097172787	0.0515103842500499	1.4775740421569905
0.51	0.05157089193367259	0.5397896678370964	0.10206455197573389	1.475546563204583
0.5199999999999999	0.05250433709611568	0.5397324382598316	0.11632892092763014	1.4738229941905372
0.5299999999999998	0.05389525558476582	0.5396881752011496	0.13185400180173784	1.4712626310902626
0.54	0.0551410692258919	0.5396896037847084	0.13816875726417333	1.4689778227553565
0.5499999999999999	0.0566446009048569	0.5394100699972001	0.06908058679138807	1.466167670515409
0.5599999999999997	0.056520067556476206	0.5396046650254598	0.07135450790317402	1.4664334039076115
0.5699999999999996	0.05806036614551846	0.5395894999349926	0.1230609737987992	1.4636077395665061
0.5799999999999996	0.058908767567608766	0.5390116105880436	0.11753427439189364	1.461938019896561
0.5900000000000001	0.06025911311947918	0.5387580950954408	0.16173445046913157	1.4594110830760438
0.6	0.062129067538845506	0.5387068466094085	0.13633691278609408	1.4559736068475269
0.6099999999999999	0.06298456052866097	0.5386742026941095	0.07895031042977955	1.454399697780133
0.6199999999999998	0.06370572454277379	0.538620746094037	0.1142916243796844	1.4530676073746867
0.6299999999999997	0.06526953867449437	0.5386117124196487	0.1580503675565043	1.450203268989317
0.6399999999999999	0.0668633598907673	0.5384747786901413	0.12816763187805985	1.4472569150537962
0.6499999999999998	0.06773671098125356	0.5379161280946004	0.179990999721437	1.4455313576794553
0.66	0.070332961921866	0.5375153175194394	0.2230420426717782	1.440687217993894
0.6699999999999999	0.07217252336133695	0.5374442492453396	0.08475924664829247	1.4373065369516607
0.6799999999999998	0.07202701967278102	0.53745350899641	0.0870055588957114	1.437574751564949
0.69	0.07391106872243369	0.5373704458652621	0.2026314122233674	1.4341118290656707
0.6999999999999998	0.0760766948928514	0.5372988277118185	0.19750850221802882	1.4301402812918511
0.7099999999999997	0.07780556774821146	0.5367095973821895	0.2107179228906868	1.4268315184873308
0.7199999999999996	0.0801717268338582	0.536303071409765	0.23158936106559938	1.4224055939625067
0.7299999999999996	0.08241184300887361	0.536224127417598	0.11352557863794968	1.4183003526584481
0.7400000000000001	0.08244139249391824	0.5362410988870058	0.11937402499178115	1.4182512716017586
0.75	0.08477763967411689	0.5359030833772865	0.21817822466621034	1.4139006821623994
0.7599999999999999	0.08669677938607923	0.535275501928941	0.22181235392361048	1.410224095539009
0.7699999999999998	0.08913949313882519	0.5350940577326588	0.25930711024215986	1.4057255651301948
0.7799999999999997	0.09186868327687336	0.5348914692307973	0.24038451442364614	1.4007038680411703
0.7899999999999999	0.093849311718613	0.5341289179213556	0.09849751444862792	1.3968663459654636
0.7999999999999998	0.09364289556299721	0.5340353880986666	0.15149169550867478	1.3972114618093194
0.8099999999999996	0.09685111350241415	0.5337177250541936	0.2365333441457817	1.3912846801266756
0.8199999999999998	0.09829255311829299	0.5331636692359616	0.2594911591372606	1.3884861748141684
0.8299999999999995	0.10193163821067441	0.5326582283071873	0.32761676945415663	1.381718182468842
0.8399999999999996	0.10470527368016058	0.5318182644468996	0.3212762330110988	1.3764009411183837
0.8499999999999999	0.10823669791549917	0.5314198465898978	0.16724425511085877	1.369870055790666
0.8600000000000001	0.1080292038776477	0.5314444404384833	0.12081341872768485	1.3702540186205954
0.8700000000000002	0.11048451882998422	0.5305334753390825	0.2847006209285785	1.3654791391181103
0.8799999999999999	0.11358684989317269	0.5302057523466034	0.3006318442175584	1.3597546907759193
0.8900000000000001	0.11634331575791068	0.5291820683462118	0.33342716832567887	1.3543843462177538
0.8999999999999997	0.12006261552503472	0.5286139200337432	0.35066146373425555	1.3474580808141485
0.9099999999999999	0.12323295074870932	0.5278712233695414	0.16211312275422834	1.3414512139744001
0.9200000000000002	0.12322119899237438	0.5278820619139546	0.17414563910283135	1.3414768711828704
0.9299999999999996	0.12655978813805324	0.5268402847524178	0.347914023121043	1.335039363494043
0.9399999999999998	0.12989996824442707	0.5259297022463876	0.33314142760516635	1.328651545791733
0.9499999999999995	0.13287328876919846	0.5247112018288913	0.3398854524751828	1.3227787796875283
0.9599999999999996	0.136240670169695	0.5234793252515956	0.3819523159628694	1.316184852354664
0.9699999999999999	0.14007775278294643	0.522171373696444	0.2026650684510347	1.308706866799879
0.9799999999999995	0.1400436941612372	0.5220770911385247	0.20787061870776768	1.3087225309589305
0.9899999999999997	0.14401408025578089	0.5208336877559525	0.4007682654025888	1.3010297536253947
0.9999999999999999	0.14770613967335322	0.5197248560747239	0.4525331608317467	1.2938966296703742
1.01	0.15271993435343212	0.5183592971054365	0.5033224124149945	1.2842809613352117
1.0200000000000002	0.1574376019273086	0.517149584684065	0.5065362868721293	1.2752771800100537
1.0299999999999998	0.16255005510989484	0.5159097400269752	0.26456064154603776	1.2655676373957618
1.04	0.16258420399219375	0.515920999966669	0.26574221036738616	1.2655136810969305
1.0499999999999998	0.16763247792171354	0.5143552152409767	0.5038845610175734	1.2557433948437429
1.0599999999999998	0.17204072366752754	0.5124375970380984	0.5061204462240597	1.2468902391945926
1.07	0.1771699385359744	0.510964049148636	0.5326924063796111	1.2370317185752533
1.0799999999999998	0.182062844229416	0.5088235163294296	0.5678359473839204	1.2271796144292737
1.0899999999999999	0.18783365616750802	0.507057619636732	0.29775832207500935	1.2160307784126025
1.0999999999999996	0.18781716626518963	0.5072899631824604	0.2521153519606235	1.2162085651580918
1.1099999999999999	0.19250788735894153	0.5051664763193915	0.5642616140525809	1.2067075775134408
1.1199999999999997	0.19816742862529169	0.5027923486242369	0.5989636492108574	1.1953572778344443
1.1299999999999994	0.20350794833919839	0.5004228869968406	0.5979572150196593	1.1845515390380597
1.1399999999999997	0.2091455153608338	0.49804864289721906	0.6468863099159082	1.1732279278077105
1.1499999999999997	0.21549295756106446	0.495550073319463	0.33831887261569876	1.1606072053503729
1.16	0.21544144483200012	0.4955697044305999	0.31799682546806435	1.1607091126110123
1.1700000000000002	0.2210813476584076	0.49251384399297515	0.6853558153799097	1.148871254651649
1.1799999999999997	0.227728625878852	0.4894943263031166	0.7113262749780778	1.135347578335173
1.19	0.23376323219776263	0.48606684218437146	0.6936685024544538	1.1225222682715539
1.1999999999999997	0.2398458906994282	0.4827384185338386	0.7357543669727616	1.1096763650179187
1.2099999999999997	0.2466875593016864	0.4790315337818512	0.3850147487711418	1.0952434265014201
1.22	0.24656753407063314	0.4789815510755884	0.40684768355768636	1.0953990243355567
1.2299999999999998	0.25388042848830406	0.4752272404295045	0.7505647248207904	1.0801415240077883
1.2399999999999998	0.2591712446694454	0.4708276905421045	0.8182564602207212	1.0676009398525772
1.2499999999999996	0.26786240780486414	0.4667230233421732	0.8961295575449145	1.049772897478134
1.2599999999999998	0.2748782860645246	0.4621958816832658	0.8737333790080687	1.0342663844182327
1.2699999999999998	0.2825804670902805	0.45730268694116716	0.46203112369689303	1.0172981397673038
1.2799999999999996	0.2826965710060304	0.4572700797912621	0.46013425842617556	1.0170825350108978
1.2899999999999998	0.2900531515021587	0.4519316160990134	0.9607444965204687	1.0002018295676607
1.2999999999999998	0.29862623507333463	0.44652495076734655	1.0706349789525467	0.9813331894965428
1.31	0.30818385713808916	0.44053946018338697	1.1468641031350963	0.9603656151642527
1.3200000000000003	0.31767965646229257	0.4337544362202043	1.096127865617181	0.9386578384795922
1.3299999999999998	0.32567650061349274	0.4273256059630848	0.5063091908494806	0.9195788323451736
1.34	0.32553617885213415	0.4273658014182001	0.5876521586733692	0.9198319255583256
1.3499999999999999	0.3350521744647674	0.4202382394795513	1.23397136339967	0.8977093860175461
1.3599999999999999	0.34487335440727207	0.4120312726733726	1.2776314401769926	0.8738934774730764
1.37	0.3545276056330581	0.403696038308586	1.2737394124992887	0.8501543692554394
1.3799999999999997	0.3637653706075433	0.3949416102931414	1.4144757594741144	0.8264663376328041
1.3899999999999997	0.37535166616400817	0.38454779628329194	0.7758151173997053	0.7974993447772074
1.3999999999999995	0.3751571819940036	0.38440679791276766	0.7634509566117343	0.7975750951483335
1.4099999999999997	0.38620332539655333	0.373806081468549	1.5683509698399798	0.7690876487665332
1.4199999999999997	0.3967497184637029	0.3616548249292233	1.5754425637929306	0.7391565158223388
1.4299999999999995	0.4064683923137855	0.34967861223606916	1.6212138158062217	0.7104347463940399
1.4399999999999997	0.41722617209907586	0.3365142493363136	1.744877233942408	0.6787228006248383
1.4499999999999997	0.42811861042977906	0.32230879893487663	0.8967101486608107	0.6453221722886178
1.46	0.42794847956147297	0.3221383055771599	0.8635767691899187	0.6452589174876212
1.4700000000000002	0.43816859988511936	0.3082623172949298	1.8216761696409136	0.6130874434893296
1.4799999999999998	0.44816266719286013	0.29182678556878544	2.0607684205892784	0.577192108125811
1.49	0.4606110768959941	0.2736929403995397	2.090643216299482	0.5361404116608095
1.4999999999999998	0.4698026958891288	0.2560493516031097	2.1091142196624135	0.4990076308436324
1.5099999999999998	0.48081584003265254	0.23666440190253213	1.1218928599835476	0.4573996216166162
1.52	0.48078475194102976	0.23648275045253314	1.055444170420955	0.4571210656175584
1.5299999999999998	0.49018250700205135	0.21774746481867513		0.4180344915310904
