mass_A
t	x	y	v	θ_{r}
0.0	0.19292361839824979	0.4849560159528812		1.192173491346996
0.00999999999999991	0.19292334526490262	0.48495582880858	0.002804195570609246	1.192173845063945
0.019999999999999955	0.19286769343731558	0.4849602354153822	0.002111584447931195	1.1922760459946131
0.03	0.19288127984674042	0.4849595726230965	0.001038999244109519	1.192251387301213
0.04000000000000004	0.19288842074039936	0.4849587566731547	0.008159317864403437	1.1922380959660703
0.04999999999999995	0.1930440197147948	0.48494750935029923	0.02494870013630253	1.1919531321436052
0.06	0.1933793571596586	0.4848695575271871	0.01328068684105251	1.1913010562647615
0.07000000000000005	0.1932969262360964	0.4848663370109764	0.03396217492081433	1.191445455708045
0.07999999999999996	0.19404035933617636	0.48471319943568036	0.0981747666456184	1.1900141690215076
0.09	0.1951270337084975	0.48415498578842153	0.11004365203692562	1.1876840781691538
0.10000000000000005	0.1960310580509853	0.4837746043321838	0.10897515993547963	1.1858053221611031
0.10999999999999996	0.19716518522159954	0.4833828636459951	0.14463843930163914	1.183510067857775
0.12	0.19874737480744997	0.4827797503087238	0.08767548937297202	1.1802677205012666
0.12999999999999992	0.19877423596500976	0.48268590433595804	0.06972210503820751	1.180151700722953
0.1400000000000001	0.2000736050897367	0.4823489580029321	0.1708635809047081	1.1776051821760236
0.15	0.20196893546384642	0.48147279245984587	0.20508890782786782	1.1736091572140916
0.15999999999999992	0.2038048303784784	0.480645273205129	0.20150739842041523	1.1697531812084254
0.16999999999999996	0.20565945267546926	0.47985347922332217	0.22240810962296742	1.1658905234773322
0.18	0.2079386197775066	0.47900273489662404	0.12564754480911	1.161237009938794
0.19000000000000003	0.2080311162841424	0.479022736222197	0.13573676375901053	1.1610897953216057
0.19999999999999996	0.21042383603255077	0.47791026623347066	0.2692286671617684	1.1560382345024167
0.21	0.21293329099654068	0.47679511121385204	0.27916150641568405	1.1507793931087578
0.22000000000000003	0.2155064016893905	0.4755994254753	0.2890507486763769	1.1453459706802467
0.22999999999999995	0.21819416644153344	0.47439858796622403	0.3115097427683245	1.1397083613937244
0.24	0.22120932848893327	0.47309104873826613	0.1634106501959715	1.1334169735704234
0.25000000000000006	0.22120140179710146	0.4731188412118971	0.19329566969690545	1.133453261873926
0.25999999999999995	0.22463065103000568	0.47129109361677574	0.3809115425494239	1.1260203199234735
0.27	0.22796854287383328	0.46961980663839525	0.37362523584880364	1.118870786486661
0.27999999999999986	0.23132558383604673	0.46797202726193654	0.40478312984161835	1.1117070670920488
0.29000000000000004	0.23527874030676355	0.4661411910555333	0.44216932888247784	1.1033662447297317
0.3	0.23930232084954117	0.4641540234930409	0.221698561607616	1.0947731164240055
0.3099999999999999	0.23915531444419658	0.46398891926866737	0.2409173246683895	1.094878488965317
0.31999999999999995	0.24341422824908332	0.4616423148181068	0.4911334693827808	1.08556454448531
0.33	0.24773748778964133	0.45921072561751364	0.5106383044156071	1.0760615598308991
0.3400000000000001	0.25239020520382105	0.45677072073787006	0.5180750480486576	1.065994861958893
0.3499999999999999	0.2568668023076035	0.4543100809051954	0.5170778869926491	1.0562068250225285
0.3599999999999998	0.26138579070852264	0.45166902906605044	0.2568226739083631	1.0461776786648793
0.37000000000000005	0.26133647918199765	0.45177924251211643	0.31735281429594947	1.0463652242098185
0.37999999999999995	0.2668620088389294	0.4484602663006175	0.6372592445047685	1.0340150505391867
0.39	0.27237930798869314	0.4454156217009171	0.589886655673766	1.0219513180799846
0.4000000000000001	0.27695986716373233	0.4423594660359801	0.6014580726329065	1.0114086559495445
0.4099999999999999	0.2825306772173566	0.4389619074186249	0.6703135037904367	0.9989095628418088
0.42	0.2883015466989899	0.4352114325536129	0.34259661354682874	0.9857254518521722
0.4299999999999999	0.28831895325793566	0.4352951873142865	0.38063471118289566	0.9857862479795402
0.44000000000000006	0.294654769561021	0.4310174281892517	0.7815809205432467	0.971144283693059
0.45	0.3011056885682031	0.4263036972126373	0.7892414661940331	0.9558431157673816
0.4599999999999999	0.3074434545797914	0.42176484086057897	0.8002289144757706	0.9409070254259221
0.4699999999999999	0.3139966823952912	0.41681850852842006	0.8363885344511259	0.9251753882188035
0.48	0.3209721403579695	0.41192649885900956	0.43023177753717157	0.9088691063821492
0.4899999999999999	0.3210738040544793	0.4119242157314811	0.46633668501714903	0.9087128731029545
0.5000000000000001	0.32819102300744885	0.4060209341264746	0.9024888770683606	0.8910084513884112
0.51	0.3347381477026923	0.40013098962678906	0.9570413592084894	0.8741500930206442
0.5199999999999999	0.34251710985569583	0.39332705761412695	0.9839212354248679	0.854338610610516
0.5300000000000001	0.34937121918198766	0.38697372478603154	0.9748644552874475	0.8364202700961454
0.54	0.35682466898983145	0.3800817552734337	0.5049668826788235	0.8169481245653173
0.5499999999999999	0.35676376419722233	0.3800928164710869	0.5735569679127674	0.8170478260129692
0.5599999999999997	0.36501377958057124	0.37204897829973754	1.1569879924180286	0.7949427849477675
0.57	0.37309488116228806	0.3636994304720583	1.1689359064895288	0.7726470586017938
0.5800000000000001	0.38092844046691665	0.3549233241439148	1.2136378312020175	0.7500727085739529
0.5900000000000001	0.38942790152251805	0.345743953312088	1.2554582068719289	0.7260478981379683
0.6	0.3976813509019427	0.33622011277161784	0.627294798723056	0.7018472247589068
0.6099999999999999	0.39775861573570503	0.3363631907364654	0.6631627872417587	0.701961211105457
0.6199999999999998	0.4064877454266187	0.32630238276779855	1.3808646803996727	0.6764070635630933
0.63	0.4152263763630203	0.3149717848710965	1.4942463354252344	0.6489534673263906
0.6399999999999999	0.4250385713948751	0.3028721522894577	1.5880813950320423	0.6191162549799085
0.6500000000000001	0.43426841351430334	0.28955128471811103	1.581904972909371	0.5880647889133729
0.66	0.4428358135818272	0.2767144094995085	0.772520048544032	0.5585051684557344
0.6699999999999999	0.4427654675535001	0.2766472170332314	0.8931813127421049	0.5584674261982239
0.6800000000000002	0.4519929690897969	0.2613763637968921	1.7410691757569583	0.5242922608650333
0.69	0.46022822937898156	0.24652113698064376	1.821397598943691	0.4917590315831164
0.6999999999999998	0.46969213210847705	0.22953715347670234	1.9024027872766294	0.45456442086915133
0.7099999999999997	0.4781265169924612	0.21294576138303817	1.9811919720909592	0.4190014090201042
