mass_A
t	x	y	v	θ_{r}
0.0	0.19581596056297113	0.48529575876443387		1.187277910598581
0.010000000000000044	0.19584321477810374	0.4853397227942793	0.0030937824999964156	1.1872610511947628
0.02000000000000002	0.19586224801105734	0.4853368205253871	0.003762038982799041	1.1872252514105668
0.03000000000000007	0.19591833150727578	0.4853440415813456	0.0159707214157119	1.1871310477457735
0.04000000000000004	0.19618103005443255	0.48535690997129344	0.041320955204067776	1.1866749245189965
0.050000000000000024	0.19672538493077862	0.4851661840338445	0.04976990758980703	1.1855744017143826
0.06000000000000007	0.19712611143840086	0.4850444381193199	0.07480711501847002	1.1847777437655396
0.07000000000000005	0.198095288357642	0.4845646805974265	0.05823303953504392	1.1827175599306896
0.08000000000000008	0.19811578778901562	0.4844304548309236	0.05637538901717354	1.1825842571353422
0.09	0.19914020368260854	0.48414109381955805	0.12127072914998122	1.1805637689296813
0.10000000000000005	0.20038702676192077	0.4835795086355718	0.14049676756034937	1.177952807535823
0.11000000000000001	0.20175485396628334	0.4831118511018077	0.1810882323936897	1.1751972586999662
0.12000000000000005	0.203742159077284	0.48221559283502025	0.20049141479780058	1.1710344230696021
0.13000000000000003	0.2054445376622276	0.48154183288951447	0.08585559376073609	1.1675382306700803
0.14000000000000004	0.2053507070357664	0.48161472125367755	0.114592528248901	1.1677577002453177
0.15	0.20754761238295694	0.4806309784932362	0.25227919643476227	1.1631605826553584
0.16000000000000003	0.209964728576013	0.4795729763118084	0.27327968097698035	1.1581206720286887
0.17000000000000004	0.21256201325117607	0.478456467617946	0.3094999318700339	1.1527208913507079
0.18	0.21556894332351217	0.4769445052362713	0.3560611913652825	1.146297807500535
0.19000000000000003	0.21896508536986914	0.47533997981251475	0.19629538264870047	1.139121717370683
0.2000000000000001	0.2190552615989525	0.4751394191491245	0.19631614106336187	1.1388047912433163
0.21	0.2224578232422464	0.4735464377718407	0.38489876680331275	1.1316239920181275
0.22000000000000003	0.22611309737983232	0.472066020645055	0.40877055341870083	1.124100657817566
0.2300000000000001	0.22994257185990818	0.4702576866004532	0.45822180085712333	1.1160104384599763
0.24	0.23425357420043713	0.4678565640713994	0.499197012932239	1.1065926470434315
0.25000000000000006	0.23871482608342298	0.46549044222595193	0.26011767211027714	1.0969419646785254
0.26000000000000006	0.23886838863670412	0.46545490442514437	0.2729718263383217	1.0966497859415978
0.27	0.24354614032909894	0.46294803198184875	0.5338510025942897	1.0865056976206482
0.2800000000000001	0.24834912408909637	0.46054426164948614	0.5491366843177666	1.0762428590822153
0.2899999999999999	0.2533510614052049	0.457999904869826	0.6030655382973764	1.065523840057552
0.3000000000000001	0.2589786570566175	0.4548444154861985	0.6584239065579979	1.0531969725474668
0.31000000000000005	0.26475550778092893	0.4514160291758236	0.33825626729595437	1.0403624293274865
0.31999999999999995	0.26479201275252073	0.4513843842003711	0.34625661067280034	1.0402716659844642
0.33	0.27068703841734154	0.4478418998436442	0.6988640328208581	1.027129176948581
0.3400000000000001	0.2767654257081986	0.44417315984239536	0.7597191471669741	1.013562638205627
0.35000000000000003	0.28353003956749867	0.4397223804929741	0.820105444850999	0.9980900732731451
0.36	0.2904174945873028	0.43508194476464623	0.8452319390494006	0.982216550679648
0.37000000000000005	0.29749344866567085	0.4301940008472647	0.4320269309089339	0.965775386760395
0.38000000000000006	0.2975483633018552	0.430202434647016	0.4470179019208763	0.9656982091993133
0.39	0.30483990856740817	0.42509895141008924	0.9320531248116583	0.9486835532397576
0.4000000000000001	0.31270049947434686	0.41934416681099623	0.9953826210005211	0.930059715985546
0.41000000000000003	0.3207807618535031	0.4131740270335096	1.035566187078573	0.9106235978765855
0.42	0.3290300533355943	0.40660428447948327	1.0778141006969524	0.8904620309786979
0.43000000000000005	0.3375527215671401	0.39963243696333656	0.5478496664922738	0.8694117752956674
0.43999999999999995	0.3375287036994662	0.39968845880043824	0.5918973054342053	0.8695159498652968
0.4500000000000001	0.3465132492065023	0.3918964229705662	1.1966010618454361	0.8467816486186275
0.4600000000000001	0.35554731958850105	0.3839381850908395	1.2295909949863821	0.8237720439584748
0.4699999999999999	0.36446725444730943	0.37509132547624335	1.2856596879547333	0.7997625972562785
0.48	0.37386399684051197	0.3658919204430403	1.3536245207023507	0.7746219497595311
0.49	0.38336599645460845	0.35570686552090214	0.6987597982599607	0.7479915281194285
0.5000000000000001	0.38328429740385717	0.35556893446213544	0.7396530793480846	0.7479044186494259
0.51	0.3931563283923549	0.34461704714257047	1.497810025376229	0.7197012576006031
0.52	0.4031962715027768	0.333188424272889	1.567376279168713	0.69061337476542
0.5300000000000001	0.4133520734483638	0.3206420759886148	1.6323952351973219	0.6597546089205515
0.54	0.42317355957352487	0.3073660765311302	1.7001082228631437	0.6281831666983764
0.55	0.4330647472796759	0.2929372446734987	0.8736144156197039	0.5947302352321281
0.5600000000000002	0.4331520397309421	0.29302345499183485	0.9028932061664948	0.5947732585076029
0.57	0.44308231692652933	0.2779127728003485	1.8792502918266965	0.5601984712804471
0.58	0.4533007467826302	0.2612955135540814	1.9795888758632676	0.5229072456907036
0.5899999999999999	0.4634123359413145	0.24393926585986475	2.04902163058247	0.4845422013005255
0.6000000000000001	0.4736814715852511	0.22574242770267056	2.137944123100451	0.4447286197922004
0.61	0.48363097937369415	0.20626263534233819	1.0891842724881382	0.4031300173831421
0.6199999999999999	0.4836896733759468	0.20639391745792784	1.1420428333257344	0.4033158617458567
0.63	0.49402104870480423	0.1859217604212588	2.3123178054386315	0.35994827845468436
0.64	0.5040915327466671	0.16489103096124202		0.316134924852176
