mass_A
t	x	y	v	θ_{r}
0.0	0.018532713910240584	0.5250646502107621		1.5355149122901282
0.009999999999999995	0.018538689623539883	0.5250849456823227	0.0010487949461629497	1.535504908542618
0.020000000000000004	0.018535305465512963	0.5250854654017751	3.4384247263959426E-4	1.5355113803881981
0.02999999999999998	0.018535105566455767	0.5250908147191443	0.0014716439111941892	1.5355121197727566
0.039999999999999994	0.018506182657333947	0.5250897264303263	2.398933385391175E-4	1.5355670601051927
0.049999999999999975	0.018531151263133983	0.5250880975495159	0.0020557958099020317	1.535519458712162
0.05999999999999998	0.01854654108138387	0.5250975823944946	0.0016235566083364515	1.5354908233852758
0.06999999999999998	0.01855799041731243	0.5251063741527882	0.0011227280090809135	1.5354696373491776
0.07999999999999997	0.018566616253747004	0.5251076419535078	0.0013589235430125446	1.5354533162742103
0.08999999999999998	0.018583293650724864	0.5251162946193689	0.002345455831705351	1.5354221784120996
0.09999999999999999	0.018598378229641943	0.5251421621231285	0.010663105922953876	1.5353952306239436
0.11	0.018784820111154232	0.5251860643614961	0.012537201893389343	1.535043634990457
0.12000000000000001	0.01884485301526717	0.5251882354622441	0.011443916289100528	1.534929621776923
0.13	0.019013684565511002	0.5251835445311875	0.005638758163273809	1.5346082472620726
0.14	0.018955163586262036	0.5251647873199649	0.012124775215089638	1.5347182439929605
0.14999999999999997	0.019253147563399575	0.5251453144089175	0.02969136022917687	1.5341502258445323
0.15999999999999998	0.019548961435166157	0.5251588827843866	0.019223718514217135	1.533588655024881
0.16999999999999996	0.01963753049845307	0.5251369298609161	0.014836775215831134	1.53341867649803
0.18	0.01984515778268925	0.5251410030965808	0.013190833981909577	1.5330241497505614
0.18999999999999997	0.01990127601644076	0.5251308026921825	8.445953555178312E-4	1.5329167043267775
0.19999999999999996	0.019847446223100418	0.5251242669212021	0.006343165732137902	1.5330185953757272
0.21	0.020027506695656894	0.5251434563962556	0.02119491203063855	1.532677589393992
0.21999999999999997	0.020270455036027535	0.5251517125507381	0.017480120726485752	1.532216243076506
0.23000000000000004	0.020376436512461904	0.525165131985968	0.027594488413736133	1.5320157237023457
0.2399999999999999	0.020822114477814457	0.5251357696333874	0.032667246059202404	1.5311661705177513
0.24999999999999997	0.021028353786125886	0.5251219642394955	0.018879987066893544	1.530773006851163
0.25999999999999995	0.0211990903828706	0.5251140732819529	0.0142153635386585	1.5304477889427017
0.27	0.021311931103873527	0.5251016042524249	0.028044946216568906	1.5302322902857084
0.2799999999999999	0.021758849694770266	0.5250783365213587	0.04697447084441986	1.529380777621228
0.2899999999999999	0.022250732995482525	0.5250656685771624	0.05522910117760557	1.5284446186841067
0.29999999999999993	0.022863361225885614	0.5250658575635594	0.05642245759132026	1.5272800188982676
0.30999999999999994	0.02337917843899906	0.5250685615453005	0.03329196023662108	1.5262997633164832
0.31999999999999995	0.02352874008758743	0.5250906127036135	0.024967583797868075	1.5260173664461976
0.33	0.02387819159784388	0.5250869453311227	0.046594725478619224	1.5253528958500557
0.33999999999999997	0.02446028677526202	0.5250651539987435	0.06555421618699823	1.524244741440197
0.3499999999999999	0.02518924804779077	0.5250783961200894	0.06344850286524736	1.52286071983663
0.36	0.02572920952441038	0.5250541966710528	0.0665688229538106	1.521832534338751
0.36999999999999994	0.026520274877274153	0.5250478862040343	0.04453672615840124	1.5203290142289154
0.38	0.02661987958869816	0.5250649124232363	0.027252076504335258	1.520141432669773
0.38999999999999996	0.02706470607991729	0.5250736725397132	0.06930477238305299	1.519297314893967
0.39999999999999997	0.028005973634554815	0.5250668837343102	0.09771156547421206	1.5175089050065311
0.4099999999999999	0.029018477601808756	0.5250312832578774	0.09200817399018012	1.5155825056705947
0.42	0.029845337509704084	0.5250126419865604	0.08184183578824399	1.514010550176389
0.42999999999999994	0.030655302228867143	0.525024992444647	0.03558600723381541	1.5124742713339183
0.43999999999999995	0.030556115695479336	0.5250492471086612	0.038996319261497846	1.5126652287155147
0.44999999999999996	0.031435190384043965	0.5250327146070898	0.0965714820316885	1.5109948942137184
0.45999999999999996	0.03248710114195674	0.5250078265556589	0.09719795350772924	1.508995855152253
0.4699999999999999	0.03337886724684125	0.5249995918133843	0.09634660072900278	1.5073029430357234
0.47999999999999987	0.03441386926623258	0.5250329578924344	0.09572567904931013	1.5053438416049967
0.48999999999999994	0.035293279242553544	0.5249798696823262	0.04056331971270158	1.5036694622171547
0.5	0.03522505204963711	0.5250213108175206	0.0523519011404495	1.5038041126095099
0.5099999999999999	0.03634023277137399	0.5249931711746509	0.1088999039411197	1.501686174320505
0.52	0.03740286915577318	0.524993234429302	0.11444935821314967	1.4996720229399016
0.53	0.03862912416818787	0.5249722328902773	0.12128931251328132	1.4973455260607067
0.5399999999999999	0.03982600661215063	0.5248799039414433	0.12016701514522597	1.4950650212605807
0.55	0.04102689062644371	0.524808646145007	0.05935246061729317	1.4927800443693782
0.56	0.04101271243730242	0.5249084541968123	0.06425319826697	1.4928216654074917
0.5699999999999998	0.04231055427342223	0.5248686214435868	0.12030290949260042	1.490358556109732
0.58	0.04341700843902507	0.5248163849345466	0.12936253442712697	1.488256286323557
0.5899999999999999	0.04489204054604323	0.52469600988652	0.1474973504236785	1.4854459931077224
0.6	0.046366130754619594	0.5247466359527299	0.16096404669394088	1.4826661235487806
0.61	0.04809796446538073	0.5244030567253224	0.09036539588517918	1.4793327731279102
0.6199999999999999	0.04808436290478657	0.524186243065974	0.0712771248685089	1.4793208841526937
0.63	0.04948082022920375	0.5240568178651841	0.15557876449346392	1.4766566056131212
0.64	0.05118213683030404	0.523893501728084	0.16885377301464774	1.473409686614203
0.6500000000000001	0.052847486398920784	0.5237918696321346	0.17743533984923174	1.4702425486012594
0.66	0.05472557257670807	0.5237001547806794	0.1798999648689641	1.4666763080733078
0.67	0.056438798165202364	0.5235726009811399	0.0833868712332105	1.4634154104326955
0.6800000000000002	0.0563932896007846	0.5236919058273799	0.1041562401396687	1.4635255884387093
0.69	0.05851660373305223	0.5234238294575717	0.1983980089724905	1.4594627835956429
0.7	0.06032293360842045	0.5231418095094957	0.1877456545354759	1.4559943916533775
0.7100000000000001	0.06222552614099475	0.5228379396294953	0.21180127773805443	1.452338589903442
0.72	0.06452280389392184	0.5225895395704695	0.22295550641958792	1.447950576691746
0.73	0.0666681671931807	0.5224550511097448	0.1106501494572389	1.4438766899561206
0.7399999999999999	0.06673510424976892	0.5225337778857512	0.12067131423466307	1.4437695604376446
0.7500000000000001	0.06907397410154104	0.5222634276473674	0.2422051940251744	1.4393006318957027
0.76	0.07151196872896004	0.5217294718789652	0.24234275117136075	1.434578013116638
0.7699999999999999	0.07386418609219336	0.521524595661912	0.243282115197717	1.4301008421139028
0.78	0.07635722088711328	0.5212844926053564	0.25362746777246153	1.425351685284053
0.79	0.07887535809985258	0.5207378860120907	0.1281742886349943	1.4204705569724214
0.8000000000000002	0.07881976561271942	0.5205722196371596	0.1302695843193748	1.4205278314005558
0.81	0.08143442741764628	0.5202487745051477	0.26844987773560375	1.4155264820611067
0.82	0.0841287815585936	0.5197719169263333	0.28987958697737853	1.410330834068875
0.8300000000000001	0.08714356937371837	0.5192399295696457	0.3006237121876313	1.4045168480979737
0.84	0.09005116030442006	0.5187349615161192	0.30941478326365607	1.3989116814727929
0.85	0.09327078752086926	0.518372634338446	0.15589902094969216	1.392771193643842
0.8600000000000001	0.09312867286231852	0.5182342436821987	0.15820263317812805	1.39299028901385
0.87	0.09635706557046797	0.5176754133846861	0.33937027281996784	1.3867681791467685
0.88	0.09978598104800462	0.5169117004691595	0.34749739603129776	1.38009943262639
0.8899999999999999	0.10316356558975726	0.5162706594607456	0.35846286089498375	1.3735694496282664
0.9000000000000001	0.10683760933061537	0.5156183375578736	0.37315897032507006	1.3664846023255286
0.91	0.11049601292313027	0.5148798816363118	0.1892169603042696	1.359397344351671
0.9199999999999999	0.11051382855382397	0.5147202086976163	0.19879689150661609	1.3593006156699015
0.93	0.11433811875197952	0.5138569914031974	0.38473324282990007	1.3518535339483866
0.94	0.11798880616289742	0.5128946739816453	0.40361693360203826	1.3446852910637195
0.95	0.1221977935379226	0.5120162948243626	0.4263512109702418	1.3365187788894608
0.96	0.12628686286930368	0.5109319215939048	0.4386003431986532	1.3284832939136986
0.9699999999999999	0.13067308709152803	0.5097541048231021	0.22594279026949493	1.3198545568967086
0.98	0.13064641509388097	0.5097426519898665	0.23183212662764294	1.3198982510505615
0.99	0.135148882892688	0.5085434414012555	0.4662110742604847	1.3110435782565997
1.0	0.13963963545096747	0.5072803169366841	0.49362083340441637	1.302178048773135
1.01	0.14467040994666525	0.5059347763348416	0.5068898777852928	1.2922817521489938
1.02	0.14945170813979636	0.5047311663272432	0.5288294344331055	1.2829198682922207
1.03	0.15476685460914674	0.5027842155170533	0.294369201442519	1.2721810825116653
1.04	0.1549947018293124	0.5027471018975566	0.27765269784853824	1.2717464049941982
1.05	0.16011486134260866	0.501289146211678	0.566520513582625	1.2616321179304215
1.06	0.16578662380505116	0.499295635978047	0.6065767076307315	1.2502093202051945
1.07	0.17154822798896696	0.4972330091299221	0.6032639242249834	1.2385776722531434
1.08	0.17713958996717794	0.4952113852229959	0.6212873613986064	1.2272739205978112
1.09	0.1832715271852957	0.4931143382124032	0.3280255279964266	1.2149559240924495
1.1	0.18336426574457587	0.4931392582304567	0.32756651094925304	1.2148072007043238
1.11	0.1894234665555019	0.4908618796393115	0.6570798337886544	1.2025041382063077
1.12	0.19561607196145336	0.488385858645657	0.702050162957126	1.1898280478629866
1.13	0.20242485671728971	0.4855596512036239	0.733609162469386	1.1758151127874656
1.14	0.209049492977066	0.482485336539868	0.7582009211676632	1.1619364606141558
1.15	0.2162092883424902	0.47924008638364074	0.3998443145417663	1.146986257490174
1.16	0.2163305232238545	0.47917825491192134	0.40826119996906757	1.1467276992156032
1.1699999999999997	0.22363185267952812	0.47583767229617213	0.8042451747842775	1.1314558430028114
1.18	0.23084007235282977	0.4722358414598595	0.815616395837146	1.116129665110339
1.1900000000000002	0.23821999869485821	0.4685384916641578	0.8670276196274915	1.1004258325964626
1.2	0.24614022320370066	0.4640749505024112	0.9024057609127508	1.0831341467079534
1.21	0.25391986202780603	0.45963631472488264	0.4488849449382648	1.0660844321881935
1.22	0.2540733834161292	0.4598720887915251	0.4743320124209009	1.0660456618201681
1.2299999999999998	0.2622276396356298	0.45505623018179353	0.960478007202971	1.0480206931231297
1.2399999999999998	0.2707580857848251	0.4503522196854783	1.0046484065790546	1.0294846145147045
1.2499999999999998	0.27955313577326535	0.4448800544796198	1.0523312803676867	1.0097710964728535
1.26	0.28841886507207937	0.43890419258806906	1.0924169508317325	0.9894223330452662
1.2699999999999998	0.2976077780775809	0.4325764042469035	0.5571220237227753	0.968177050014538
1.2799999999999998	0.29770803812257984	0.43275071846651486	0.591010624148327	0.96820789555556
1.29	0.30738236236465666	0.42592998226531575	1.1864359145175079	0.9456720300330879
1.2999999999999998	0.3168844069109139	0.4187750627825547	1.2424576243212224	0.9230250642091659
1.3099999999999998	0.3270535477444336	0.4107469376085938	1.2992085988937037	0.8983516711661058
1.3199999999999998	0.33704782354093865	0.40238562035214304	1.3497267893558111	0.8735312341761878
1.3299999999999998	0.3475800730562413	0.3932150603278912	0.699547951918447	0.8469231244278065
1.34	0.34754674820513387	0.39313794411922504	0.7124903117938173	0.8468733756374233
1.35	0.35797754675789795	0.38347085597949093	1.4613251442562691	0.8197677435234776
1.3599999999999999	0.3686301138205419	0.37289738668566474	1.5190682817314918	0.7911528060199117
1.3699999999999997	0.37926571235531026	0.36179503112039546	1.586283642185089	0.7618272945030558
1.3799999999999997	0.3904774749760126	0.34989279740595786	1.6753986723784782	0.7306362400701776
1.3899999999999997	0.40154596815855104	0.3367675564993878	0.8646012227154152	0.6978839147058764
1.3999999999999997	0.4015992890786243	0.336651975649158	0.8962704741289439	0.6976495381532654
1.41	0.41256711552473657	0.32263056191599215	1.8347292482883142	0.663673188961204
1.4199999999999997	0.4237260055918024	0.3073791045539734	1.902269455331069	0.6275831027811289
1.4299999999999997	0.4346621760201226	0.2916586402129491	1.9407623347580958	0.5909971143838527
1.44	0.4451563096799669	0.27501607869582606	2.032173217083511	0.5534026037418396
1.4499999999999997	0.45622190925127526	0.25720477110229417	1.0447808205253766	0.513354591549204
1.4599999999999997	0.45616644807866236	0.2572564717852935	1.0798170696598524	0.5134925956433277
1.4699999999999998	0.4671562713596519	0.2385810849243536	2.21649639941837	0.4721783534181209
1.4799999999999998	0.4780946827826168	0.21872992200177244	2.2955494389508337	0.4290761714460638
1.49	0.48907883360717774	0.19824226794652938		0.3850996698157156
