Kompakt_Kule
t	x	y	θ_{r}	v
0.0	0.050079826987459275	0.513827979237558	1.4736390040740346	
0.01	0.05011561766655692	0.5138204919794425	1.4735685971554846	0.0025329062951080787
0.020000000000000226	0.050128917454733024	0.5138154743687954	1.473542013283797	0.0017218338422205646
0.030000000000000228	0.05014925923785574	0.5138131347114281	1.4735023568062162	0.004970145301222081
0.04000000000000023	0.05022132890373665	0.5137788538578876	1.4733569579706478	0.0047536981132765945
0.050000000000000225	0.05023489217162258	0.5137718302448979	1.4733294848522966	9.366721562916868E-4
0.06000000000000023	0.05023983939955501	0.5137817354261942	1.4733218141788944	0.0027605227142450473
0.07000000000000023	0.050289498334849525	0.5137799764832921	1.473225744828565	0.005053910028017734
0.08	0.05033612028648182	0.5137509654174015	1.4731303839280547	0.007457354554879483
0.09	0.05043845978074901	0.5137874157318026	1.4729399798303824	0.0030950828864797783
0.1	0.050392549651251506	0.5137764122643841	1.4730264033776632	0.001795348523200536
0.11	0.05047044807331469	0.5137711043962767	1.4728752258200828	0.0021962056496293322
0.12	0.05043642320857611	0.513778519079485	1.4729422222089104	0.00409480142711609
0.13	0.05038864083229355	0.5137672919420128	1.4730322144787948	0.0015617153834680587
0.14	0.050465260060409745	0.5137665183315121	1.4728843588073108	0.003199071583487083
0.15	0.05045071896559217	0.5137827815825727	1.4729154700017089	0.001403121594516322
0.16	0.05044214985189466	0.5137824374503944	1.4729319240911911	0.011875673095721632
0.17	0.05068034466885518	0.5138434831557943	1.472484366515957	0.028071099959894978
0.18	0.05100239822766006	0.5138187199342626	1.4718589516852751	0.023565851688371497
0.19	0.05115093120240555	0.5138172522434893	1.4715724220801805	0.013410715982710097
0.2	0.05127059385068555	0.5138218868029877	1.471342714393348	0.016384374301595252
0.21	0.051477000222535096	0.5137847240616512	1.4709378079346018	0.019726610192311995
0.22	0.05166105928645015	0.5137653854459694	1.4705793924629287	0.021512788108958653
0.23	0.051899361922728704	0.5138667643876984	1.4701399492311933	0.027471490112243622
0.24	0.05220749119527979	0.5138227027784934	1.4695377877169793	0.02363509314635602
0.25	0.05236825608410245	0.5138068868740195	1.469225009496818	0.015283514208676404
0.26	0.05250817502420846	0.5137677158923522	1.4689477875172943	0.019829858950725938
0.27000000000000024	0.052760851384549334	0.5137506885424671	1.4684577171692619	0.02999688679219473
0.28000000000000025	0.05310075436138151	0.5138613909479701	1.467825087116682	0.0311163934220336
0.2900000000000002	0.053379507866630926	0.5138181876759158	1.4672797389883971	0.02632626830846807
0.3000000000000002	0.05362003171819474	0.5137743278219016	1.4668078360408652	0.02394817326149275
0.3100000000000002	0.05385392716477033	0.5137523672339701	1.4663530811278742	0.030320229662312608
0.32000000000000023	0.05422208748348911	0.5138468218643186	1.4656634989134771	0.03416465202890394
0.33000000000000024	0.05453682599074694	0.5137755744048907	1.465043214459675	0.03430167910300753
0.34000000000000025	0.054891289575973445	0.5136957899632881	1.4643446256439394	0.03811187922620446
0.35	0.05529759420361757	0.5138228804462242	1.463588996944535	0.04241972719982529
0.36	0.05573615716879432	0.5137730690217979	1.4627349223118484	0.051353971646574376
0.37	0.056324366634469936	0.513847990937906	1.4616192916653838	0.05539042745952195
0.38	0.05684319288820783	0.5137316963544682	1.4605969611846812	0.05694971920552695
0.39	0.057462934495494444	0.5138168231199274	1.4594236593168721	0.05861793923079504
0.4	0.05801550683813972	0.5137214434202	1.4583409439698305	0.062217733300274275
0.41	0.0587072883266464	0.5138153816945956	1.457032117715163	0.0637799465158495
0.42	0.05929038010694998	0.5136784227333295	1.4558816961668388	0.06599290110908174
0.43	0.0600260939257623	0.513762684536629	1.4544874192020625	0.08046648867184798
0.44	0.060895872407485174	0.5137894938483543	1.4528236868806559	0.08754349945436417
0.45	0.06177559873190808	0.5138318123310333	1.4511452762938166	0.08958136902331267
0.46	0.06267386949976461	0.5135689150409355	1.4493608400399425	0.08988948468518693
0.47	0.06356612114762017	0.5136703277756727	1.4476734060048135	0.09020243802617207
0.48	0.06447524779525882	0.5136670382638157	1.4459298228317456	0.09950107880231045
0.49	0.06555601029797709	0.5136473703711704	1.4438541768995763	0.11439121898687234
0.5	0.06676286881701743	0.5136365349307319	1.4415402398955728	0.12047474713182081
0.51	0.06796416948388906	0.5135671505862138	1.4392234053139368	0.1323478462810872
0.5200000000000002	0.06940974734741923	0.5136569067591957	1.436481286230598	0.15181850568056263
0.5300000000000002	0.07100042401371454	0.5135936439239818	1.4334246014147474	0.16160123941098778
0.5400000000000003	0.0726355979137	0.5134572261249495	1.4302650374903745	0.16620907606229948
0.5500000000000003	0.07432208234478688	0.513464149839903	1.4270483011789048	0.16873305203109426
0.5600000000000003	0.07600656247588378	0.5132993177350764	1.4237899954355429	0.17186183199648541
0.5700000000000002	0.07775610087542295	0.5133154472840311	1.4204610195552145	0.18280494580561438
0.5800000000000002	0.07966143660284275	0.5132046900410188	1.4168017616925987	0.2003958536952869
0.5900000000000002	0.08171756750012937	0.5127070218961303	1.412741229821024	0.2069967932849144
0.6000000000000002	0.08374844171128071	0.5125447974621118	1.4088303206118904	0.22388116748746784
0.61	0.08612540034706795	0.5119195446230176	1.4041171235438397	0.2180465306861311
0.62	0.08801949950285437	0.5116640130624194	1.4004377644994783	0.1694417850971236
0.63	0.08944981722128575	0.5112619278188099	1.3975905531549033	0.2095819885565901
0.64	0.09210408635331979	0.5107227403963237	1.3923734196870585	0.21094141596446173
0.65	0.0935992530628762	0.5104998946278259	1.3894621383428176	0.18881073069640097
0.66	0.09578985459792566	0.5099012117860503	1.3851009802318504	0.18425168762716773
0.67	0.0970357949522781	0.5091696113498095	1.3824779640615157	0.1473824216936116
0.68	0.09864874364345333	0.5091833087876787	1.3794279947959458	0.19261605051455516
0.69	0.10086093839909027	0.5087128238963474	1.3750677182563267	0.1886850745694973
0.7	0.10233888687167902	0.5083935835814847	1.37215248173981	0.1515550989301893
0.71	0.10376973092235087	0.5078604711164967	1.3692434379614606	0.19144718419778
0.72	0.10604668306360099	0.5074380433499545	1.3647769440606021	0.2107964984975759
0.73	0.10792971239221338	0.5071759130970883	1.3611188613105485	0.1819698416849296
0.74	0.10962108603232867	0.50675331513359	1.3577584368928195	0.19479472161815592
0.75	0.11176870818027784	0.5065125091723631	1.3536134571612128	0.21744100610741307
0.76	0.11391436643217323	0.5060605093432617	1.3493864308721804	0.22963436484268304
0.7700000000000002	0.1162923621401123	0.5057192050324805	1.3447712373363783	0.23170304565927446
0.7800000000000002	0.11849926949791478	0.5053873196041326	1.3404846163062911	0.2375442239162262
0.7900000000000003	0.12095252707854753	0.5047952104042691	1.3356228608005645	0.24081738278885315
0.8000000000000003	0.12320539031578048	0.5043628043094885	1.331209061420324	0.22858192834821325
0.8100000000000003	0.12542674389794406	0.5038564542911155	1.3268216926311454	0.2279824351813038
0.8200000000000002	0.12762519778214632	0.5032422248786874	1.3224267646466332	0.21384099855174987
0.8300000000000002	0.12947586871922734	0.5024795820216909	1.3186083211072606	0.22365078748006645
0.8400000000000002	0.1318652361943381	0.5018174637901816	1.313830457803739	0.2659931698265051
0.8500000000000002	0.13464329977498557	0.5012152233535407	1.3083583944162889	0.32816363794976394
0.8600000000000002	0.13831251938299693	0.5005890140377671	1.3012223363422115	0.3501662498703208
0.8700000000000002	0.14150651884491594	0.4998213851213767	1.294902191727248	0.3370309182562466
0.88	0.14485062051018427	0.49894914526407524	1.2882516939690276	0.34708178522351496
0.89	0.14826053998901412	0.4982184176735942	1.281559895182774	0.3574455994804031
0.9000000000000002	0.1518417830037816	0.4974556294043398	1.2745420460773749	0.35836727173167066
0.91	0.15520562960810913	0.4964473810387107	1.2677906709402775	0.33056794756382546
0.9200000000000003	0.1581842417934064	0.49558927368140393	1.2618336232224652	0.32748610434061703
0.93	0.16144289440931048	0.494448534567825	1.2551983711410768	0.3839167394641152
0.9400000000000005	0.16536384086449585	0.4928671086763544	1.2470844110218953	0.36584389248237215
0.95	0.1681370895038602	0.49149481597886513	1.2411826182677341	0.36796150801970606
0.9600000000000004	0.1723400546166488	0.490523882217404	1.232929342586118	0.4517232725239821
0.97	0.17690734067020286	0.4893258852618582	1.2238844993322813	0.46374768459693616
0.9800000000000004	0.18127853967930374	0.4880483518151867	1.2151542529047334	0.47006961913342926
0.99	0.18590885601550822	0.4866131559681154	1.2058622545616093	0.4865888773009821
1.0000000000000004	0.1905067079796059	0.48495830262035	1.1964852638198764	0.5022312845770437
1.01	0.19541575951305357	0.4833707353952218	1.1866081693745867	0.48351884728278094
1.02	0.19961169276968604	0.48170016784053	1.177946726039307	0.4709490458550541
1.03	0.20412535080957128	0.4797846203713644	1.1685428503446516	0.5046593532277096
1.04	0.2087865728835443	0.47749374417945945	1.1585914625676652	0.5247841597171528
1.05	0.2136548351416797	0.4753859507906711	1.148412791366809	0.566416217989197
1.06	0.2193056365578656	0.4732889573577469	1.136883645717148	0.6160328347836825
1.07	0.22511852246034025	0.4708712576147587	1.1248303967691937	0.6312931353770097
1.08	0.23095259271165502	0.4684144500532739	1.1127227033873346	0.6691641250027855
1.09	0.23742038082168315	0.46560091309720053	1.0992422652586924	0.642120959329744
1.1	0.24272136694892066	0.463274052839391	1.0881915604413752	0.6542113108357849
1.11	0.24921532991148432	0.4599373319280825	1.0742347190826633	0.7066946812550333
1.12	0.25507800689923865	0.45641253710714447	1.0611640890329175	0.7064774586797402
1.13	0.26159226561036963	0.45312149576846944	1.0472266034073048	0.7448967627104927
1.14	0.2683566802875552	0.4496578862734568	1.032731689801001	0.8122647554428563
1.1500000000000004	0.2760038796146832	0.4456238298006804	1.0162592886639132	0.8539688136821747
1.16	0.28329253884366046	0.4413738520455751	1.0001770528498797	0.8352682000277164
1.1700000000000004	0.2902738644356111	0.4369383983432625	0.9844090667034864	0.8302459539137017
1.18	0.29721740643465266	0.43232833380893637	0.9685220535555041	0.8621301500418432
1.1900000000000004	0.3047133254040285	0.4275145283746127	0.9515608336806293	0.9265862081052058
1.2	0.3127296463465047	0.4221895363783995	0.9332526423807564	0.9549339087383754
1.2100000000000004	0.32054728180469194	0.4168353274342226	0.9152443187329466	0.9524232674110066
1.22	0.32821762955041656	0.41110051440179185	0.8970392152507638	1.022834915467227
1.2300000000000004	0.3369113831805016	0.4045596322652407	0.8763814673737788	1.0928389194321917
1.24	0.34565227472945903	0.39791901566260524	0.8555742371793152	1.0931814832821318
1.2500000000000004	0.3541346376365956	0.3910919744103273	0.8349496467961516	1.116283998027069
1.26	0.362577443539454	0.383359666554431	0.8132515147180619	1.2147061644116026
1.27	0.3720944941543942	0.3747320239151736	0.7889297985650163	1.252286284727384
1.28	0.3808479776802086	0.36622852655214144	0.7658317798418867	1.2667538868695192
1.29	0.3899153752914648	0.35672418230497455	0.7409733070505016	1.3273554737803608
1.3	0.39945504517642083	0.34729374214087116	0.7156602322108613	1.3435387059488064
1.31	0.40817927487456906	0.33701457871252943	0.6901886640751863	1.4445854614248812
1.32	0.4182744663173541	0.32537205766945687	0.6611138821124667	1.5527140295404809
1.33	0.4278207877293878	0.31296090298954016	0.6315708173440424	1.6077502413040008
1.34	0.43741756825874567	0.2995363075656429	0.600440339816642	1.703372801330047
1.35	0.4474581741693481	0.285122716735187	0.5673280502683252	1.751482503689439
1.36	0.457079054957262	0.27054488943723537	0.5344420000411363	1.7729282633308028
1.37	0.4669588726020568	0.25550798034595973	0.5006713212082208	1.856341372834423
1.38	0.4762023814206078	0.2387219464247642	0.4646899086736072	
