Sylinder
t	x	y	θ_{r}	v
3.333333333E-2	2.660714286E-1	2.839285714E-1	8.178542946E-1	
6.666666667E-2	2.678571429E-1	2.821428571E-1	8.113663506E-1	7.576144084E-2
1.000000000E-1	2.696428571E-1	2.803571429E-1	8.048762192E-1	2.678571429E-2
1.333333333E-1	2.678571429E-1	2.803571429E-1	8.081955161E-1	3.788072042E-2
1.666666667E-1	2.714285714E-1	2.785714286E-1	7.983844463E-1	7.576144084E-2
2.000000000E-1	2.714285714E-1	2.767857143E-1	7.951698393E-1	7.576144084E-2
2.333333333E-1	2.750000000E-1	2.750000000E-1	7.853981634E-1	9.657726631E-2
2.666666667E-1	2.750000000E-1	2.714285714E-1	7.788623088E-1	7.576144084E-2
3.000000000E-1	2.785714286E-1	2.714285714E-1	7.724118805E-1	8.470386590E-2
3.333333333E-1	2.803571429E-1	2.696428571E-1	7.659201076E-1	9.657726631E-2
3.666666667E-1	2.821428571E-1	2.660714286E-1	7.560905965E-1	1.197893559E-1
4.000000000E-1	2.839285714E-1	2.625000000E-1	7.462025615E-1	1.339285714E-1
4.333333333E-1	2.875000000E-1	2.589285714E-1	7.331581549E-1	1.339285714E-1
4.666666667E-1	2.892857143E-1	2.553571429E-1	7.231834767E-1	1.339285714E-1
5.000000000E-1	2.928571429E-1	2.517857143E-1	7.101307845E-1	7.576144084E-2
5.333333333E-1	2.928571429E-1	2.517857143E-1	7.101307845E-1	9.657726631E-2
5.666666667E-1	2.982142857E-1	2.482142857E-1	6.941490011E-1	2.092031163E-1
6.000000000E-1	3.017857143E-1	2.410714286E-1	6.740189207E-1	1.931545326E-1
6.333333333E-1	3.053571429E-1	2.375000000E-1	6.610431689E-1	1.894036021E-1
6.666666667E-1	3.107142857E-1	2.321428571E-1	6.416594902E-1	2.092031163E-1
7.000000000E-1	3.142857143E-1	2.267857143E-1	6.250700164E-1	9.657726631E-2
7.333333333E-1	3.142857143E-1	2.267857143E-1	6.250700164E-1	1.197893559E-1
7.666666667E-1	3.178571429E-1	2.196428571E-1	6.046677273E-1	2.395787119E-1
8.000000000E-1	3.214285714E-1	2.125000000E-1	5.841465815E-1	2.304194268E-1
8.333333333E-1	3.267857143E-1	2.071428571E-1	5.649593079E-1	2.897317989E-1
8.666666667E-1	3.321428571E-1	1.964285714E-1	5.340703792E-1	3.123724229E-1
9.000000000E-1	3.375000000E-1	1.892857143E-1	5.111325480E-1	1.561862115E-1
9.333333333E-1	3.375000000E-1	1.875000000E-1	5.070985044E-1	1.796840339E-1
9.666666667E-1	3.428571429E-1	1.785714286E-1	4.801750296E-1	3.236530171E-1
1.000000000E0	3.464285714E-1	1.678571429E-1	4.512001191E-1	3.388154636E-1
1.033333333E0	3.500000000E-1	1.571428571E-1	4.220050299E-1	3.721190354E-1
1.066666667E0	3.589285714E-1	1.464285714E-1	3.873497262E-1	4.319066651E-1
1.100000000E0	3.642857143E-1	1.321428571E-1	3.479836022E-1	1.894036021E-1
1.133333333E0	3.607142857E-1	1.339285714E-1	3.555115835E-1	1.950029435E-1
1.166666667E0	3.678571429E-1	1.196428571E-1	3.144514140E-1	4.319066651E-1
1.200000000E0	3.750000000E-1	1.089285714E-1	2.826966156E-1	4.235193295E-1
1.233333333E0	3.767857143E-1	9.285714286E-2	2.416304614E-1	
