mass_A
t	x	y	v	θ_{r}
0.0	0.37134513271405245	0.38308170454445917		0.8009538469527562
0.010000000000000186	0.3712040365998228	0.38316964943437365	0.007437943103345043	0.8012584853086497
0.01999999999999983	0.3712114178764858	0.38314689305002547	0.007089368046305713	0.8012188671516134
0.030000000000000013	0.3713060903253744	0.38307121827660634	0.027130149099225974	0.8009927128109162
0.03999999999999966	0.3714789163280574	0.382674809821701	0.05753506772256633	0.8002427112866083
0.04999999999999984	0.3724012984138614	0.3827181844962833	0.051937785664022906	0.7990599009760293
0.060000000000000026	0.3725088634198037	0.38280980026609024	0.08770593033334206	0.7990351867943009
0.06999999999999967	0.3727213895494843	0.3809935182238844	0.1867105509710532	0.7963728654721517
0.07999999999999986	0.3736976666027594	0.37926987386434685	0.23797574393932147	0.7927983569583579
0.0899999999999995	0.3754425444027789	0.37708861129211496	0.281321537289877	0.7875855336499986
0.09999999999999969	0.37703130134019225	0.3747373687761383	0.3383814978347143	0.7823467919640075
0.10999999999999988	0.3798985042072729	0.3719949645187824	0.19564526270592164	0.7748870352336884
0.11999999999999952	0.37994421714898197	0.37212475533006345	0.20929887983214868	0.7750012711524301
0.12999999999999973	0.38282326279810297	0.369000269939203	0.4623514856235311	0.7670142807669504
0.13999999999999987	0.3861317808368516	0.36525295686737025	0.5324958474743838	0.7576181836794466
0.15000000000000008	0.3898699397177319	0.36101496622416757	0.5772550541610072	0.7469891044584293
0.16000000000000025	0.39363665761408195	0.3564799195609202	0.6348261601214299	0.7359039999339113
0.1699999999999999	0.39822932760048313	0.3514586941656965	0.33633990138180064	0.7230921180358446
0.18000000000000008	0.39816828107972957	0.3515085816655243	0.35645801506845964	0.7232385964168315
0.18999999999999975	0.4026597768192066	0.3458733520702711	0.7588273079996324	0.7096795926553146
0.19999999999999993	0.40792314858219236	0.3398823134183273	0.8240847878457128	0.6946606619585862
0.2100000000000001	0.4129112840972611	0.3329678147489703	0.8910961734202646	0.6786255740290045
0.21999999999999975	0.41854796967650354	0.3255737798516905	0.9704474296245027	0.6610974582556348
0.22999999999999995	0.424686328663171	0.3175387638728876	0.5065635014839379	0.6420286850893857
0.23999999999999957	0.42471755754718177	0.31753768515835573	0.5315005425075017	0.6419917917287912
0.24999999999999978	0.43072344461413703	0.3087894575193017	1.09958513491375	0.6219842856875344
0.25999999999999995	0.43717439287858495	0.29941415787761816	1.1739392606612635	0.6005094338924252
0.26999999999999963	0.44355054205640276	0.28912428713368404	1.2506858367897866	0.5776681081319848
0.27999999999999975	0.450119472163816	0.27801063136356685	1.315372999870721	0.5532873511907509
0.2899999999999994	0.4568974059384745	0.266453961242136	0.6611287495395082	0.5279609055952088
0.30000000000000016	0.4566801219568877	0.26653045873072956	0.7133411682307823	0.5282928909013677
0.31000000000000033	0.4635745543029861	0.25384610898112575	1.4980256353641552	0.5009865906954956
0.32	0.470520707646493	0.23995847142356808	1.595699050859944	0.47160361056466193
0.3300000000000002	0.47793624383997324	0.22534621322676707	1.670706330190919	0.4405875371664367
0.3399999999999998	0.4851049896016606	0.20989516194925784	1.7683389430498766	0.40835753831850363
0.35	0.4924728131190732	0.19310497874983357	0.9240313949193171	0.3736887794508487
0.36000000000000015	0.4923797490215436	0.19290659276579059	0.9417828101828453	0.3734037647055341
0.36999999999999983	0.4992421698399143	0.17552778459922025	1.9249587486450441	0.33808922514211587
0.38	0.5065031500706727	0.15709156775673216		0.30074182102441704
