Kompakt_kule
t	x	y	θ_{r}	v
0.0	0.05189208868997197	0.5146317729824339	1.4703025608331992	
0.009999999999999998	0.05190294376370641	0.5146335535783929	1.4702820257194877	7.065134682342306E-4
0.019999999999999997	0.05190616048430097	0.5146330571618146	1.470275741843166	9.936299007734545E-4
0.029999999999999995	0.05192242476079889	0.5146374792508405	1.4702453147588523	0.0014724650448695626
0.039999999999999994	0.051934766432563007	0.5146400543789311	1.470222075034191	0.0030534490837777475
0.049999999999999996	0.05197894288333471	0.5146143465391986	1.4701321070242606	0.0037223581102989933
0.05999999999999977	0.05200421475491068	0.5146132344146579	1.4700832786632878	0.0053329360634279035
0.06999999999999976	0.05209100514564746	0.5145911062178812	1.469912026051957	0.004840808888823644
0.07999999999999975	0.05209265253457618	0.5145686582558162	1.4699044857781118	0.003485151022841167
0.08999999999999976	0.05215384239737586	0.5145609401631834	1.4697852738726729	0.0062051024935433
0.09999999999999976	0.052216178257318835	0.5145806045775534	1.4696692017744775	0.005660108976278543
0.10999999999999976	0.05226588889809525	0.5145695519553181	1.4695714237163569	0.006703638661701048
0.11999999999999976	0.05234891758850069	0.5145617424864694	1.4694101901892802	0.015594929457209082
0.12999999999999975	0.052575610147547636	0.5145327623161817	1.468968472561438	0.031905181816420256
0.13999999999999974	0.05298579956262606	0.5145222760231145	1.4681774896516988	0.02775831706332951
0.14999999999999974	0.053130770239075975	0.5145353965617233	1.4679013019117328	0.01479029051212096
0.15999999999999975	0.053282733455034204	0.5145173001054566	1.4676054823946683	0.01577971720809213
0.16999999999999973	0.05344166958554197	0.5144811620115366	1.4672926483826552	0.026390891753983108
0.17999999999999974	0.05381270593033438	0.5144490080859014	1.4665727477371118	0.03994713240907057
0.18999999999999975	0.05422851159193609	0.5142952691726344	1.4657421441392102	0.03283000399055779
0.19999999999999973	0.05444922392311757	0.5143525602464221	1.4653293889668135	0.026670140636586306
0.20999999999999974	0.05476166199688248	0.5143116766811466	1.4647203510125413	0.03373426501655296
0.21999999999999975	0.05512123084221232	0.5143063612740643	1.4640280177556226	0.032938368048254535
0.22999999999999973	0.05541900304550218	0.514268350226498	1.4634477766269578	0.0328505781156585
0.23999999999999974	0.0557601292734059	0.5142276636927993	1.4627836351237837	0.0414817043720609
0.24999999999999997	0.05623785385884428	0.5142953363737444	1.4618797298771873	0.04523342189262479
0.25999999999999995	0.05666363440288702	0.5140959115900721	1.461019468014741	0.04172779342279105
0.26999999999999996	0.057017122581940916	0.514025184339163	1.4603251051401944	0.0429520557537321
0.2799999999999999	0.057426078280501947	0.5137078700535984	1.4594710924457321	0.04840238913937961
0.2899999999999999	0.05785698185930521	0.5135268411747034	1.458603505968557	0.042241041687839966
0.29999999999999993	0.05819642517161716	0.51336104458092	1.4579146992293082	0.04764766373136815
0.30999999999999994	0.058771567880444575	0.5132809764598114	1.4567910786137532	0.04745358626995819
0.31999999999999995	0.05911760545900768	0.5131326501456219	1.456092829063703	0.04453217101066236
0.32999999999999974	0.05965255655633661	0.5131501916941883	1.4550680085182104	0.05391807514240361
0.3399999999999997	0.060194418750741385	0.5130748862678913	1.4540092787608088	0.043945867725762935
0.3499999999999997	0.06048603206167613	0.5128712395512193	1.4534024999088313	0.04935731922466436
0.3599999999999997	0.061028737929622046	0.5125472789402601	1.4522848123255925	0.05311939518449139
0.3699999999999997	0.061414191062356016	0.5123543363423266	1.4514988730448517	0.05264676479592621
0.3799999999999997	0.06202720056348554	0.5122129959670632	1.450286607814084	0.05950634560882908
0.38999999999999974	0.06257625880124451	0.5120974304503707	1.449203137598633	0.059476491862984725
0.3999999999999997	0.06319341534694511	0.5119786366007655	1.4479876832684548	0.060202994514695796
0.4099999999999997	0.06375783636321053	0.5118658388173761	1.4468749183444982	0.06473676363349772
0.4199999999999997	0.06447547138420218	0.5117978833334964	1.4454781144650353	0.058953086771532964
0.4299999999999997	0.06491179775434486	0.5116238477354577	1.4445965257740427	0.0647441546010385
0.4399999999999997	0.0656546422462786	0.5112628335227019	1.4430787076448814	0.0723938056523013
0.44999999999999973	0.0662519199369862	0.5110757439366002	1.4418829370001394	0.06784726866081396
0.45999999999999974	0.06698109836686905	0.5109768004720923	1.4404550714680793	0.06866707485508924
0.4699999999999997	0.06760339332326393	0.510831640364638	1.4392210306483326	0.06550816728406485
0.4799999999999997	0.0682725405928547	0.5107561084484302	1.4379144624481746	0.07218895345920005
0.4899999999999997	0.06903171876718828	0.5106209642462665	1.4364193299144865	0.06683940260999226
0.49999999999999994	0.06957520546380458	0.5104559975847527	1.4353309860650303	0.06953776096304402
0.5099999999999999	0.07034667162544683	0.5101680856085951	1.4337712014748485	0.08199563766068
0.5199999999999999	0.07114363843337301	0.5099771115251066	1.4321872847882955	0.07711987642382907
0.5299999999999999	0.07185546454945957	0.5098478762266277	1.4307833729316748	0.08111189398372651
0.5399999999999999	0.07274981107036194	0.5097493722038667	1.4290367880760613	0.08712128402201416
0.5499999999999999	0.07358812870499254	0.5096636964883589	1.4274016479338312	0.09322784033787915
0.5599999999999998	0.07459123967751458	0.5094566047699096	1.4254159538773743	0.09013299690359361
0.5699999999999998	0.07537503359230735	0.509425886110075	1.4239013548435748	0.07919879668288392
0.5799999999999998	0.0761664527736069	0.5092902212962531	1.4223424724877272	0.09462352967907164
0.5899999999999996	0.07720893363020598	0.5089587077730705	1.420244400109384	0.11529021257532868
0.5999999999999996	0.0784305342514181	0.5088535654728664	1.4178679336984623	0.11988963576148556
0.6099999999999997	0.07959995533701769	0.5087786380566706	1.415601407698087	0.11966426555930539
0.6199999999999997	0.08082028920061979	0.5087236198553753	1.4132442647895758	0.12356624308570745
0.6299999999999997	0.08206866229047616	0.5086649166863301	1.4108335126933353	0.12558591126318444
0.6399999999999997	0.0833287937777154	0.5085966032036615	1.4083985491348223	0.1308513897712305
0.6499999999999997	0.08468566155041368	0.5086526955770871	1.405819404131955	0.1406423655309157
0.6599999999999997	0.08613944575511756	0.5087077133057136	1.4030574824101198	0.14503839451339834
0.6699999999999997	0.08758464621203621	0.5087543926020535	1.4003123839399203	0.1631974739599558
0.6799999999999996	0.08940218111995502	0.5087967309545425	1.3968589669481457	0.18309370928627172
0.6899999999999996	0.09124616690068521	0.5088052728406295	1.3933484058564904	0.19344813962689383
0.6999999999999996	0.09327022961899056	0.508880837429629	1.3895233042826036	0.20533299927158022
0.7099999999999996	0.09534568111892117	0.5090474285971702	1.3856395079673725	0.21650163234846478
0.7199999999999996	0.09759440861115387	0.5091059124561267	1.3813963885158052	0.23047576645707427
0.7299999999999996	0.09995425339895458	0.5091406654423438	1.3769421773479191	0.24854535213287957
0.7399999999999997	0.10256490479171754	0.5090420020051388	1.3719722016394233	0.26943871188092616
0.7499999999999999	0.10534294044012249	0.5091713208883674	1.366783714940195	0.29981711088625745
0.7599999999999999	0.10856027744021945	0.5089341743757119	1.3606369436147294	0.3199464452487635
0.7699999999999999	0.11172314697460728	0.5086821831692676	1.354596569146284	0.33203424525882974
0.7799999999999999	0.11517594547641485	0.5083582990031665	1.3479932676129536	0.345333776301929
0.7899999999999999	0.11859136803185977	0.5079543739011937	1.3414361681755491	0.38091242587119006
0.7999999999999999	0.1227445735825069	0.507490209684661	1.3334878220895594	0.38451755021983886
0.8099999999999998	0.12618001393411682	0.5067077978140722	1.3267409015536737	0.42238431644466373
0.8199999999999998	0.13109615985196466	0.5062196149045781	1.3173924278026026	0.421822313579306
0.8299999999999998	0.13453020074683641	0.5055044666518216	1.3106944905625535	0.3764019342391553
0.8399999999999999	0.13837589603570666	0.5043021145695825	1.3029965072061636	0.4071150088203601
0.8499999999999999	0.1423503350349915	0.5032367471193526	1.2951287097769635	0.40982809373185397
0.8599999999999997	0.14628347760011529	0.5021448523307764	1.2873242332946049	0.45614607641810817
0.8699999999999997	0.15112428248580523	0.5007376386097014	1.277685931242838	0.4892170623058688
0.8799999999999999	0.15562149084182264	0.49922340708600926	1.2686157026490863	0.4949325035255859
0.8899999999999997	0.16051086666209402	0.4975951378985023	1.2587609291729707	0.4738100687375418
0.8999999999999999	0.16464953694593543	0.49634368903785875	1.2504941031820132	0.3945460216165598
0.9099999999999997	0.1679586425193521	0.4949879823508937	1.243668715054632	0.38380272964092654
0.9200000000000002	0.1717065428324811	0.49332367545689737	1.2358502865546646	0.3817362308252377
0.9299999999999996	0.17509667482942315	0.4922791976214912	1.2290652958498156	0.3713826248881231
0.9400000000000002	0.17859360551473402	0.49054187941149135	1.2216387416468877	0.4268714966481457
0.9499999999999996	0.18284953811406912	0.48870417024399593	1.2127695035062198	0.45599436761297424
0.9600000000000001	0.1869878585073378	0.48697693032152306	1.2041788776773106	0.4969416051231001
0.9699999999999996	0.19218819593601555	0.48530272148713827	1.1937281579419987	0.5146533849562458
0.9800000000000001	0.19671607475920116	0.4836140370410652	1.184473801097046	0.5113186699017737
0.9899999999999997	0.2017681144242911	0.4817244712675417	1.174150145778037	0.5170156650459553
0.9999999999999997	0.20638155297656857	0.47993971941860014	1.1646851265049962	0.4945544481235083
1.0099999999999996	0.21095917226750882	0.4780695982757505	1.1552234901967187	0.5188207885229811
1.0199999999999996	0.21617845245543899	0.47652054337131183	1.144902665577244	0.6554902309998133
1.0299999999999996	0.2233828624199128	0.47388403975011306	1.1302998496034806	0.7833731275156465
1.0399999999999996	0.23083760223494887	0.4709907413398324	1.115091409974406	0.8143161318313842
1.0499999999999996	0.23850822950726958	0.46784520083049974	1.0993382235166225	0.8465298965297949
1.0599999999999996	0.2463140670855931	0.46412603580978434	1.0828874139917652	0.8278305278463504
1.0699999999999996	0.25317806175404844	0.4601694353973253	1.0678115245663988	0.8023191450547223
1.0799999999999996	0.2603636109311669	0.4563738282571038	1.0523466210517107	0.9024840142753595
1.0899999999999996	0.2691381669400513	0.4517393701033462	1.0334840995015961	0.9831727704441529
1.0999999999999996	0.27772473909537265	0.4471411305211679	1.014997735572662	0.9415928900238629
1.1099999999999997	0.28542651857749146	0.44228799617399095	0.9977033960021638	0.9401164129036664
1.1199999999999994	0.2938607473687441	0.4374893542636067	0.9793185399586762	1.032232281708743
1.13	0.3030740757883966	0.4315751479136778	0.9585612265299853	1.1764702539531802
1.1399999999999995	0.31381331986637084	0.4250182775618292	0.93479136956204	1.1562561213035707
1.15	0.32244566836587596	0.41894531465140006	0.9148307650430236	1.1395379736036908
1.1599999999999995	0.3323015491313269	0.4116914588881793	0.8917037666821016	1.274471065061824
1.17	0.34294508157739456	0.4037965636713572	0.8667078393903669	1.2437146475746843
1.1799999999999995	0.3519537731413308	0.396442834645404	0.8447741234415638	1.2145288972342707
1.19	0.3619598067416109	0.388681260041719	0.820981314447727	1.256861387189359
1.1999999999999995	0.37135608390702357	0.38046063968993843	0.7975076449552744	1.4014239176151542
1.21	0.38280609850067526	0.36994552630531335	0.7683150768842403	1.5274652023607356
1.2199999999999995	0.39367761133169143	0.35960376093977603	0.7401950818229813	1.5770796080296665
1.23	0.4048727918532121	0.3474081555511568	0.70915901713895	1.702742376148674
1.2399999999999995	0.41650377094028057	0.33433126447946987	0.6763905009939759	1.7835291426382625
1.2499999999999996	0.42838051351134565	0.3205794861190054	0.6424456620446556	1.8621141137438981
1.2599999999999996	0.4401492957234834	0.3055584170922432	0.6068331194222532	1.9565092983599575
1.2699999999999996	0.4519346807022755	0.28933252367832457	0.5694612477924957	2.0581300389361905
1.2799999999999996	0.4635983087535813	0.27172790585190143	0.5301569820740619	2.1290996087859915
1.2899999999999996	0.47495691696128095	0.25351070497397066	0.4902856801145808	2.1733946718672232
1.2999999999999996	0.4857527508838134	0.23432953083668806	0.44947274770265216	2.166656883712593
1.3099999999999996	0.49516414932628183	0.21517757855774244	0.409938486604692	2.2201809008837157
1.3199999999999996	0.5054046171374079	0.19451137611035285	0.36738924455180033	
