mass_B
t	x	y	v	θ_{r}
0.0	0.3526750570661281	0.38615686628126705		0.8306844001996285
0.010000000000000009	0.35267014201525915	0.3861623865918707	7.162478805465242E-4	0.8306984583187733
0.020000000000000018	0.35266605342215473	0.3861680080408119	5.247592810386562E-4	0.8307114798895049
0.03000000000000003	0.3526597449825074	0.3861609545893663	9.382120831275052E-4	0.8307112919684243
0.04	0.3526792534496459	0.3861546717729906	0.0015410928167797029	0.8306756454174273
0.05000000000000002	0.35268987296733156	0.38615445140872895	0.0015491900062936815	0.8306603676566006
0.059999999999999984	0.3527101570313288	0.38615244365508344	0.0014239284806848898	0.8306291408633404
0.07	0.3527182332768003	0.38615185877028885	0.008331135810916709	0.8306169847242607
0.07999999999999997	0.3528755640164988	0.3861323523928788	0.05168673269208204	0.8303697592528946
0.09000000000000001	0.3537348319589674	0.3859644169020487	0.10683674248693664	0.8289418235794787
0.09999999999999999	0.3549694140512074	0.3857064089104326	0.06351980139464737	0.8268729459233364
0.10999999999999996	0.35500314568461133	0.3858917095363328	0.0781036569452248	0.8270649210494254
0.12000000000000001	0.3563279842217455	0.38493546171184434	0.20055275027242142	0.8239718817984816
0.12999999999999998	0.35840188388783234	0.3837616529918488	0.2677643503608955	0.8195549291138493
0.14000000000000004	0.360850037397242	0.38206664069831636	0.3034746200751369	0.8139489265397787
0.14999999999999994	0.363281249938042	0.3801518711480305	0.339288351937515	0.8080871258546916
0.15999999999999998	0.3660499342597613	0.3777068577996675	0.18202645372723542	0.8010699116367918
0.16999999999999996	0.3659919786373762	0.37772176788660083	0.23028860175995608	0.8011687698187578
0.18	0.36947743716828485	0.37463027530405896	0.47325197784427403	0.7923229078746663
0.18999999999999997	0.3730650738379985	0.37143222910411916	0.5194842096006523	0.7832049491180566
0.19999999999999996	0.37686274407952947	0.36732255476777076	0.5917648123108377	0.7725792233347686
0.2099999999999999	0.3813962696304798	0.3630259568087998	0.6743502942657882	0.7607258946849037
0.21999999999999997	0.38617660174436363	0.3575679977224841	0.36664782398496903	0.7469514886281474
0.22999999999999995	0.38620755048572564	0.3574920768620436	0.35947050231876676	0.7468056791873342
0.23999999999999996	0.3911297156929271	0.3523570209400115	0.7453705827236924	0.7332955483705581
0.24999999999999994	0.396081397433963	0.3463234570422662	0.8346082513816735	0.7184756002641531
0.25999999999999995	0.4018381089992785	0.3395523856032969	0.9205406797703828	0.7015829495538233
0.27	0.40780415987320284	0.33212715829794565	0.9847848497551408	0.6834768431855528
0.2799999999999999	0.4139542606988954	0.32402436743887003	0.5120422412406554	0.6641362900764765
0.29	0.4139439798056268	0.32393096931017146	0.5269273239170877	0.6640084242644857
0.2999999999999999	0.41999599774069385	0.3153896482544421	1.0883843559935762	0.6440991697771155
0.31	0.4262857955830207	0.3060002195805731	1.1718276729351154	0.6225916516699677
0.3199999999999999	0.43293385347263336	0.2958477975979118	1.2227584108407872	0.5994677020431878
0.32999999999999996	0.43954957836844166	0.2854544823406023	1.3061752750215716	0.5759708923076572
0.33999999999999997	0.4464268478578687	0.27347869743382197	0.6930272319011819	0.5496288372445685
0.34999999999999987	0.4463943943769365	0.2734019642853369	0.7135180354915491	0.5495362256354438
0.35999999999999993	0.4534605204202887	0.2610621502054921	1.4679394229233478	0.5223683525184236
0.36999999999999994	0.46036511313409056	0.24758031683290804	1.5392001343811847	0.4934215746474753
0.3799999999999999	0.46723536585144776	0.23353201299516751	1.6113403316737014	0.4635009142600091
0.3899999999999999	0.4740263976372955	0.2183923677526144	1.719197560877287	0.4317309645057792
0.39999999999999997	0.4810202190340621	0.20203226816978292	0.8861142829860401	0.397634664698491
0.41	0.4810643939228888	0.2021274971017692	0.9139715335686729	0.3977701428156148
0.4199999999999999	0.488171248980218	0.18520965373626735	1.88364818324781	0.36261810409450657
0.42999999999999994	0.49508236282007767	0.16715967275854549	1.955518622698281	0.3256216493676604
0.44	0.5011430991114197	0.14831314526105277	2.051408260138275	0.28773678474517034
0.4499999999999999	0.508511474608207	0.12839152479546456	2.203867336767533	0.24731612515635618
0.45999999999999996	0.515527162323988	0.10664887734806572	1.1518556792150723	0.20399581622891622
0.47	0.5156519877616578	0.1064889753045627	1.126143306439656	0.20365039793781192
