mass_A
t	x	y	θ_{r}	v
0.010000000000000044	0.1919548563956417	0.49104730705861865	1.1981514229450674	
0.02000000000000002	0.19195883066058494	0.4910520297676009	1.1981476636254234	3.4705805097619107E-4
0.03000000000000007	0.1919561255531934	0.49105413120364994	1.1981538933278855	1.657531624388444E-4
0.03999999999999998	0.19195552145956862	0.4910522268284465	1.1981536454188617	9.631348425976594E-5
0.050000000000000024	0.1919553331641114	0.49105237546037633	1.1981540806802125	3.070477935772765E-5
0.06	0.19195492410759285	0.4910523692503801	1.198154798993419	3.803321946968745E-4
0.07000000000000005	0.1919625247481963	0.4910498971243057	1.1981396653186067	3.89479001017166E-4
0.08000000000000002	0.19196202302590937	0.49104916255182435	1.1981400443408723	1.0570088733109714E-4
0.09	0.1919618845092227	0.4910478823873279	1.1981394049937442	1.075580049316406E-4
0.09999999999999998	0.19196290777673908	0.49104720175970396	1.1981371273688373	1.0297470284160028E-4
0.11000000000000001	0.19196319962925779	0.4910462974661741	1.1981359873303004	1.0453954472708939E-4
0.12	0.19196106133127866	0.49104622092040684	1.198139711787633	0.00438856324775906
0.13000000000000003	0.19205036600337733	0.4910360106700416	1.1979749105631932	0.05239463198020645
0.14000000000000004	0.19299913162815574	0.49090308097881774	1.1962080016713532	0.08407559233712274
0.15	0.19369611196778325	0.4906910435536709	1.194831354611099	0.07712941901724288
0.16000000000000003	0.19442561072202802	0.4903159384868106	1.193283790481508	0.10637600500620957
0.17000000000000004	0.19563558769367329	0.48981652901113004	1.1908022518528179	0.06407767339209006
0.18000000000000005	0.1956099697237913	0.4898263743481326	1.1908542811504985	0.0706078137850372
0.18999999999999997	0.19701779150567522	0.48952722299825047	1.1881663748638442	0.1731260148818789
0.20000000000000004	0.19887822979534409	0.48868290466499875	1.184297654263182	0.20161809726675262
0.21	0.20076091029155096	0.48802755483061777	1.1805250363059003	0.2094686957327263
0.22000000000000003	0.2026718167112178	0.486905391765327	1.1763647575216074	0.2347880429759966
0.23000000000000004	0.20509067022095817	0.48621004306903304	1.1716265263721228	0.12685092134754317
0.24	0.2051146578439187	0.48622056353936605	1.1715923923894898	0.13937170649170788
0.24999999999999997	0.20765856174300001	0.48512573584357044	1.1663442863697928	0.29686379822448206
0.26	0.2105767466531021	0.48389315474005723	1.1603415571673064	0.319831470674949
0.27	0.21354850555243654	0.4826306547275905	1.1542238394645061	0.3458707562561249
0.2799999999999999	0.216957853184769	0.48122255341361586	1.1472380704303813	0.37583561719918046
0.29	0.22027403721127736	0.4792738424945149	1.1399881585225384	0.20378165600188602
0.30000000000000004	0.22048879089050655	0.47918705243170756	1.1395495160002462	0.21317456173297883
0.30999999999999994	0.2241736047454661	0.47755026175827997	1.1319072402769117	0.4198964240304249
0.32	0.228008145461724	0.4754474656099148	1.1236296446270198	0.475295814102606
0.33000000000000007	0.2325942614943184	0.47313948129679784	1.1138931561179644	0.4899164831367913
0.33999999999999997	0.23660754661098893	0.47075091751012166	1.105057085084305	0.4963788954421048
0.35	0.24118814516929188	0.46816937400246783	1.095084256987462	0.2628752703272094
0.36000000000000004	0.24119569062314272	0.46818376001133455	1.0950840305129597	0.27517093602146325
0.36999999999999994	0.24599328460792924	0.46548641806029817	1.0846368766042507	0.563098511160159
0.38	0.25070460060517363	0.462149474282108	1.0737487106166315	0.5849042409127089
0.38999999999999996	0.25577730279993127	0.45907407243380205	1.0624732970138013	0.6085306515220957
0.40000000000000013	0.2609574159599579	0.45559176135476326	1.0506261413302949	0.6385445678419968
0.41	0.26636435836400685	0.4519319494629072	1.0382145195496644	0.333416003542151
0.41999999999999993	0.2663886843010457	0.45172293507612216	1.0379721837998384	0.34966626419337676
0.42999999999999994	0.2719897159303971	0.44777719907615265	1.0249373481343138	0.6817537120012056
0.44	0.27749817341501903	0.4438175887106882	1.012015270256917	0.7329858090767374
0.45000000000000007	0.2840758794960392	0.4394806980794854	0.9969631580004846	0.7857652901574498
0.45999999999999996	0.2904411346856747	0.434904082664648	0.9819901366927344	0.8198074521987871
0.47	0.2974474232169463	0.4299919931103058	0.9656280349223291	0.43312907724458966
0.48000000000000004	0.29752402400198485	0.4299167990397877	0.9654257218470178	0.4332804843685863
0.48999999999999994	0.3044535794236055	0.4248923297428117	0.9490538171149833	0.8849534656974347
0.5	0.3121672911004705	0.419975381471736	0.9315976549108255	0.9618222736559564
0.51	0.32018414830618647	0.4138202912190952	0.9122817368689056	1.023307384913435
0.52	0.32879051216790545	0.4080367164311824	0.8925369254624294	1.0667301078690536
0.53	0.33727578701529903	0.4010515349973289	0.8715629797438419	0.5512063475189969
0.5399999999999999	0.33729080564478187	0.4010170023469006	0.871498627919821	0.5733125188214143
0.5500000000000002	0.34613812083199313	0.3937759637471504	0.8496923631237063	1.2019512629666838
0.56	0.35590511793194657	0.38580575277644125	0.8256894065217879	1.28872280911689
0.5699999999999998	0.36569399662267166	0.3769863743074177	0.8006018876689427	1.3520206022235886
0.58	0.37586925739025157	0.3675679618130555	0.7742325257596119	1.40268162184635
0.59	0.385655401541969	0.35727473798381265	0.747215743976352	0.702855422876173
0.6	0.385575687689505	0.3573999969708507	0.7474935642047729	0.7689998319969926
0.61	0.39592640836800497	0.34582699954235246	0.7179587242958656	1.5703999371420363
0.6200000000000001	0.40630498352626576	0.33380426262876356	0.6877502278835097	1.6137308743501808
0.63	0.4162808314689298	0.3207800756960808	0.6565463378598622	1.674904358505746
0.6399999999999999	0.42622753146474424	0.30687446634851623	0.6240085958746497	1.7482506365302217
0.6500000000000001	0.4359438874787691	0.29186785780112734	0.5899670028649779	0.8965444815304565
0.66	0.4359135191060126	0.2917847862207505	0.5898676156918295	0.9454071014224428
0.6699999999999999	0.44562604437772546	0.2756267472248158	0.5539229222404338	1.9026751478548658
0.6800000000000002	0.45538285534698486	0.2590890061621283	0.5172738837565001	1.969336887225369
0.69	0.46484055986921724	0.24124481149423438	0.47871920856294975	2.0527906397848343
0.7000000000000001	0.4743181818124541	0.22266053960146487	0.43889625791683073	2.144752974482221
0.7100000000000001	0.4839186559641707	0.2028259049765851	0.39689011352666	1.104065526579796
0.72	0.4839181832153251	0.202775262438256	0.3968014446928462	1.125527495403616
0.7299999999999999	0.4935625263146154	0.18248578152986972	0.3541440299994611	2.3164807185294816
0.7400000000000001	0.5033569472332825	0.16072092115008774	0.30906612084622476	2.4351287393939574
